3.05297
4.15137
2.47459
4.33767
1.47105
3.63578
4.20278
3.93902
4.33871
3.52568
3.3775
4.21554
3.60579
3.46958
4.10903
2.39714
2.72588
4.29118
2.80364
3.38628
3.36824
3.57063
2.74934
3.25038
4.08968
2.59254
2.55523
3.55638
2.72175
3.08107
3.07471
2.62203
3.61023
3.55763
3.31001
4.04202
3.41379
3.09159
2.96118
3.27879
1.9751
4.22345
3.01471
3.63218
2.6811
3.5698
2.63869
3.06748
3.66291
3.55485
3.92109
2.72613
3.14702
3.45157
2.6259
2.4926
2.43691
3.26085
4.27065
3.26567
2.97976
4.01932
3.81758
2.80271
3.64482
3.21215
2.92704
2.83325
3.39132
3.15328
3.25612
3.14941
3.00012
3.66541
3.81907
3.64731
3.89038
3.22418
2.74701
3.88105
3.14063
4.05444
3.41629
3.17444
3.57136
3.45492
3.94553
2.98306
2.94598
4.66045
4.09596
1.6567
3.34046
2.78234
4.19393
3.18995
3.89847
3.56825
2.91103
3.57825
3.72247
4.05669
3.10753
3.86626
3.67585
3.46933
2.93302
3.7121
2.23915
2.89643
3.64431
2.2363
2.59637
2.52859
1.73825
3.59141
3.89806
4.15996
3.89103
3.03597
4.14728
4.04464
3.87723
3.80958
4.15533
2.60374
2.98654
4.5736
2.00644
3.57962
3.66158
2.6396
3.38938
3.83391
3.81557
3.46488
2.56806
4.36795
3.46087
2.96463
3.67499
4.15507
3.63479
4.51798
1.50702
4.41413
3.39183
3.17595
4.00793
3.20197
2.8574
2.36717
3.8316
4.17319
3.9947
2.92237
3.40836
3.37876
4.2923
3.53586
3.0375
3.98372
4.60683
3.39397
3.21925
4.157
3.61856
2.5506
3.76736
2.85895
2.75568
3.73827
3.17109
3.02525
2.79154
3.85278
3.55339
2.11537
3.57026
4.01259
3.41636
3.33182
3.04639
2.85736
3.14691
2.63517
3.30383
2.35207
2.60199
2.35416
3.20976
2.27383
4.19751
3.35922
4.21255
4.01101
2.99217
4.22629
3.48134
3.0154
3.49697
3.61066
3.33321
3.43279
2.91639
4.05881
3.44048
2.78037
3.28536
4.19948
3.85503
3.07294
3.83619
2.99176
4.42401
3.26702
2.89376
3.8874
3.65229
1.95072
2.78189
1.93348
3.46244
3.18649
3.0853
3.70201
3.69675
4.26154
2.51988
3.24438
3.26925
3.41261
3.64306
3.70106
3.42827
3.40507
3.44128
3.46164
3.93717
3.36253
3.00949
4.28521
3.35956
3.16404
3.2733
3.62423
3.49885
3.90126
2.53301
4.26732
3.36938
3.39804
4.11942
3.31441
2.20784
4.15541
2.34878
3.47882
3.646
4.79
3.62886
2.99331
4.14874
3.38285
2.33535
3.97428
1.42263
2.6651
3.51986
3.43564
3.66691
3.94104
3.8608
4.00131
2.34857
2.5885
2.6942
3.62419
3.90005
2.75841
3.19585
4.12152
3.83208
3.8045
4.32509
2.03546
3.21992
2.62253
3.36023
3.29161
3.57006
4.31709
3.3687
4.7511
3.41503
3.50362
3.64677
3.07179
2.53065
2.47489
4.10943
3.55794
2.8823
4.28988
2.02439
4.15051
3.28293
1.93263
3.10132
3.79411
2.20159
4.08881
2.77342
2.45601
2.66842
3.56701
4.22761
3.00703
3.54539
4.1574
2.38732
2.90577
3.3198
3.60552
3.67703
3.46329
3.06521
2.75853
3.40905
1.98638
3.1078
3.50434
3.95008
3.48572
3.32429
4.20907
4.357
2.63105
4.29668
2.7742
1.21921
3.88464
2.69158
3.1382
2.72194
3.6899
4.26969
3.45894
2.72538
3.26996
2.83647
4.01221
3.96108
3.38772
3.34485
4.22094
3.53395
3.75704
3.40715
3.54561
3.3336
3.01469
3.5049
3.15493
4.15452
2.82249
3.81285
2.40104
2.35889
2.50948
3.37248
2.67397
3.45181
3.48389
2.84166
2.85459
3.167
3.57854
3.92388
3.03919
2.92933
3.64427
3.16282
2.47957
4.42845
2.90366
4.1261
3.43664
3.10614
2.37222
2.42901
4.09905
3.1016
3.57897
4.03485
2.32098
3.88526
2.92732
4.06334
3.3238
4.36387
4.00392
3.52021
3.80446
2.73813
3.24697
2.63707
3.8677
4.51145
4.31266
3.26553
2.41419
2.27435
3.19774
3.97943
4.84164
4.85014
3.0507
2.11498
4.37237
3.59268
2.13302
3.48972
2.61744
3.54714
3.34851
3.45894
3.9567
3.24455
2.3202
2.89956
3.74488
4.39411
3.10189
3.16376
3.6007
3.26675
2.52379
2.48253
3.73911
3.20424
4.14274
2.30731
3.52336
3.68553
3.63978
3.24676
3.72296
2.52547
3.1996
3.21799
3.51337
3.21549
4.05668
2.21578
3.36158
4.3052
4.33187
4.04888
3.62538
2.98953
3.75654
2.79039
3.59042
3.86466
2.973
2.1031
3.51527
2.9471
3.95576
3.63859
3.70555
3.16615
3.39458
3.97559
3.42464
3.81269
3.89681
3.51049
2.97744
3.52341
3.79363
3.37655
3.72908
3.29079
3.07202
2.04822
4.09679
2.24289
3.44536
3.64295
4.32179
4.36922
4.55667
2.0054
3.52543
3.10547
3.63355
1.96296
2.74148
2.80334
4.50606
3.46046
3.49162
3.61173
3.47765
2.3891
2.61506
4.05177
3.9813
3.35257
3.59601
3.06932
3.77946
3.76795
3.38915
2.17699
2.91633
1.37532
2.76093
3.3459
4.47546
2.89557
3.25206
3.85044
2.38292
3.5237
3.11646
1.65895
2.74427
3.85716
4.24545
4.34655
4.0036
2.25685
3.97118
3.49091
2.9427
3.3645
3.23546
3.48515
3.46235
3.81241
2.41463
3.56823
4.19525
3.17466
3.75283
3.51854
4.04679
4.01855
2.47051
3.45388
3.5147
3.66059
3.235
3.61218
4.63367
3.44231
3.38392
3.39266
3.31006
3.93292
3.94016
3.70716
4.4896
3.95325
4.27461
4.25176
3.01062
3.43503
4.33623
3.50267
4.18893
3.00598
3.46215
3.32883
3.62085
3.76243
4.07791
2.96225
2.3375
3.51242
3.3159
2.52192
4.33578
4.15572
3.28345
3.37973
3.24457
2.58518
3.12543
3.77573
3.84387
3.32088
4.18262
2.71169
3.57677
4.17968
4.04471
3.463
3.88496
3.2488
2.7091
2.19265
2.78238
3.06811
3.85488
3.23121
4.65204
3.68657
3.31881
3.63652
4.25241
3.91369
4.07883
3.76312
2.82691
2.96594
4.32486
3.42329
4.01177
3.05425
3.82832
4.15322
4.07277
3.42418
3.4132
3.97243
3.38351
3.29614
2.7834
4.10427
2.5933
3.89506
3.29206
2.57178
4.11739
3.82894
4.08413
3.27425
3.73323
2.23808
3.48929
2.34621
3.90388
3.11656
2.87975
2.1811
4.20821
2.97581
4.12324
2.57233
3.32551
2.51367
3.94093
3.56816
3.20307
3.28459
2.75318
3.85054
3.90562
3.64239
3.9313
3.86516
3.45029
1.53355
4.00965
3.70401
2.7979
4.14996
3.65627
4.50559
3.12425
2.81857
3.39659
2.26202
2.98947
3.24448
2.58154
2.95063
3.63046
2.83628
3.68028
3.51862
3.57886
3.29905
3.8596
4.72123
3.19276
2.54351
4.13735
4.15774
4.65278
3.17483
4.40865
3.76795
4.15892
3.81034
2.67394
3.21249
3.25701
3.65057
3.94147
3.87231
3.07815
4.0274
2.95308
3.82456
3.84461
3.47555
3.2089
3.50877
3.00684
2.74583
3.6472
3.03373
3.42694
3.71034
4.59266
3.75717
3.76553
4.09439
3.94045
4.04444
3.82918
3.50499
3.59792
3.90577
3.8331
3.77136
3.85943
2.60765
3.6926
4.15906
3.23371
2.36381
3.18287
4.18747
3.64863
3.38663
3.20659
3.45091
2.76313
4.39556
3.29566
3.47929
3.43213
2.92457
3.49342
3.85462
2.43735
2.63914
3.45794
4.14697
3.62793
2.22325
2.89525
3.04281
4.43041
3.22755
3.75641
3.44051
2.95656
3.02735
4.06025
2.95852
3.07274
3.61625
4.22759
3.0582
3.25349
4.24958
2.75616
3.92911
3.39624
3.59155
3.8111
3.24914
3.51962
4.59067
3.06787
3.85779
3.49459
2.55585
3.53709
3.72579
3.1276
3.18273
3.23478
3.69288
3.49305
2.59271
3.71694
3.35112
3.61774
3.42295
2.79336
2.57133
3.50601
3.6089
3.50912
1.29167
4.15454
2.90248
4.06287
3.80027
4.35291
3.73038
3.97018
3.87738
3.06332
3.09065
3.80604
2.60882
3.15635
3.31699
1.57879
3.73893
3.63393
2.28507
2.66329
3.82405
2.97869
3.40619
2.57968
3.6365
3.5752
2.72211
3.90716
3.7827
3.17887
4.40355
3.3632
3.26989
3.3246
3.73482
3.3748
4.11168
3.0246
3.04197
3.36404
2.95659
2.84383
3.34163
3.31333
3.17562
3.98543
3.15876
2.55368
3.59623
4.96615
3.70562
3.56354
3.46847
4.19357
3.96479
2.15698
2.71705
3.58152
2.96962
2.14473
1.87483
3.33717
3.52959
3.67519
4.28927
3.76836
3.96137
3.81178
2.75945
3.71734
3.05865
4.08828
3.49119
3.7569
3.44695
3.67143
3.54075
3.11343
4.64023
2.88497
3.72164
3.17511
3.65857
3.25331
2.52682
4.23852
3.01883
3.23267
2.37401
2.52891
4.40078
3.00453
3.64386
3.04625
3.43684
3.87437
1.77695
4.45834
3.66705
2.91048
3.82448
3.38823
3.75957
3.31856
3.63543
3.73268
3.6099
4.16898
4.22595
2.56294
3.78766
3.85993
2.58357
2.93614
4.28412
3.22683
3.6006
2.87906
2.86335
3.50148
3.01288
3.52805
3.25148
3.70251
2.6052
3.08057
2.7428
4.20738
3.49043
3.60238
4.10246
3.78109
3.50713
3.28978
4.16217
3.14695
3.55776
2.56725
3.84353
2.47035
4.19242
3.94529
2.92271
3.62134
4.00283
3.54665
2.6168
2.95716
3.62571
3.85909
2.79522
3.95472
3.3956
2.39227
3.47637
2.64665
2.64899
4.09125
3.59083
3.23026
3.81797
3.44728
2.86046
2.80608
1.95492
4.24448
2.84678
3.51815
3.01634
2.59063
3.29117
3.38709
3.5169
3.95312
2.71117
3.70732
2.97604
4.66472
4.0117
4.23443
3.17268
3.483
3.52421
2.05341
3.89502
2.54343
3.98444
4.1044
3.91348
3.83365
4.08637
3.4499
3.05858
4.37217
2.97981
3.83967
3.50527
3.45976
3.77933
3.48119
3.78053
3.18954
3.08051
3.867
3.94699
3.11308
3.31126
3.46195
3.33433
3.84423
2.35518
2.90708
3.06799
3.26222
1.35591
2.64847
4.0901
3.41212
3.81334
3.26932
3.41286
3.92475
3.91846
3.14299
3.43688
3.04583
2.98796
3.48405
3.47939
4.9412
2.06616
4.08463
2.97873
3.79747
3.22202
4.43078
2.92623
2.4691
4.04406
3.32463
3.84702
3.72573
4.14528
3.23447
2.92284
3.41694
4.28363
3.70354
3.97594
3.22656
4.14379
3.74637
4.45493
4.20087
2.2396
3.97581
4.03372
2.69071
2.77343
3.58382
4.09347
3.65459
3.77536
2.32926
3.22668
3.69312
4.34434
2.7631
3.71534
3.70608
4.50778
3.5789
4.23636
2.81329
2.81387
4.35789
3.20055
3.84453
3.66335
3.39391
4.00063
4.53966
2.72697
2.43067
4.05049
3.4295
2.08835
3.41893
4.51821
4.35213
3.15804
4.17591
3.5048
3.76158
2.12062
3.63867
3.21975
1.74594
3.51889
2.32614
3.11194
4.26364
4.65374
2.92548
3.89223
2.84125
3.5573
3.77753
4.71553
3.94505
3.51357
3.54162
3.31306
3.5358
3.65756
3.2847
4.70323
4.02645
4.07685
4.04128
4.04495
3.89056
3.42261
3.68843
2.70681
3.89471
3.84941
3.7357
2.44546
2.8757
2.4112
4.40794
3.3621
3.11815
3.7488
4.21782
4.05872
3.48956
3.53183
3.34523
4.18408
3.03909
3.71189
4.16513
3.40167
4.09219
3.34162
4.1301
2.59658
2.86516
3.50182
2.80031
2.93804
3.62399
4.16985
2.73946
4.09054
3.56008
2.15649
3.47005
2.31737
4.18948
3.98811
4.35022
4.28412
4.93044
3.5837
2.09473
3.66896
3.20526
2.74989
2.69698
3.15294
3.90414
3.67061
2.92668
3.58955
4.23997
3.20596
3.7772
3.27523
2.07325
3.54435
4.22961
4.02672
2.1652
3.18292
3.7855
3.82942
2.73467
2.43595
2.89131
2.23331
4.11035
2.34936
3.44857
2.80984
2.21943
3.93418
3.43395
4.32651
2.59013
3.82262
3.75782
2.76307
2.94157
3.75541
2.98751
3.36284
2.63273
4.03355
3.91556
3.42769
3.41806
3.24936
2.89689
4.45346
2.81122
3.6729
3.97317
2.88215
2.80626
3.05344
3.20205
3.17717
3.40996
3.51178
2.15519
3.95106
2.16893
2.64474
2.91147
3.81283
3.19003
2.38801
2.1837
3.75613
3.22931
3.15522
3.42191
3.70978
3.00784
3.72939
3.06612
3.0391
4.12586
3.48826
3.84542
3.41132
2.90143
4.01186
3.82636
2.63338
1.55592
3.84291
4.07464
2.15723
3.39527
3.63713
3.60047
2.96787
4.17673
3.71942
4.01128
2.76286
2.16774
2.07275
3.9484
1.86524
4.25876
3.06535
2.55657
3.71067
3.96436
4.01698
2.95594
3.06182
3.33444
3.07166
4.1561
3.30724
3.02384
3.04213
3.92813
3.08294
3.34844
3.82713
2.87481
3.95119
3.4089
2.84763
3.64998
3.68425
3.99616
3.52834
3.10314
3.27726
3.60954
1.92355
4.52768
3.00295
2.72641
3.0397
4.28669
3.47957
2.23238
3.33745
3.35772
3.8715
3.80953
3.91735
2.85751
2.75797
3.86111
2.55034
2.84261
4.05453
3.60102
4.5858
3.90188
3.47005
3.31782
3.25201
4.17707
2.76769
3.13431
3.76643
3.97721
3.81655
3.3219
3.671
2.82824
3.44824
1.26689
4.52532
2.29297
4.3468
2.32424
4.79318
4.34297
2.02922
3.56736
3.18411
3.69909
3.22597
3.99418
2.98052
3.26561
3.62179
4.92502
3.49479
4.03751
3.32212
3.7545
3.65096
2.57393
2.5168
3.65467
3.24765
3.35925
3.49765
3.82361
2.60117
1.87336
4.04725
4.13845
1.81607
3.73065
3.68223
3.60672
3.70679
2.87052
4.22571
3.84632
3.77975
3.99879
2.68978
2.62063
3.54431
3.19911
3.8416
3.98797
3.32542
4.31779
3.82341
3.95091
3.45359
1.68324
4.25022
3.7857
4.42756
3.66152
3.01667
3.17663
4.10115
2.82524
2.61634
3.27303
2.7072
3.07914
3.04577
2.60544
3.39254
3.2794
3.03545
4.15619
4.69065
2.55988
2.33668
3.43712
4.16606
2.9746
3.55591
3.44018
4.04946
1.46594
3.24357
3.70315
3.69576
3.9101
3.9996
2.98957
3.72067
3.64106
4.35191
2.57385
3.6314
4.83915
3.56141
2.8679
3.67679
3.03384
2.86932
3.12999
3.31422
4.21224
3.13263
2.42035
3.23113
4.24181
4.53386
3.04026
3.88912
3.61393
3.13566
2.1294
3.68326
3.00645
2.91403
3.63941
3.04543
3.20788
4.20599
3.34477
3.93591
2.65933
2.47148
3.86362
3.85639
3.08331
3.83805
2.5581
1.89851
3.81499
3.99095
4.00366
4.03252
3.94689
3.72718
4.11773
3.35981
3.45178
3.1176
3.70567
2.83771
3.27531
3.66303
2.92923
3.37981
2.67374
3.23135
4.18589
3.43686
3.5473
2.63082
2.19557
3.98924
3.64952
3.39422
3.96763
4.21896
2.97024
3.45886
3.51149
3.32613
3.57436
3.8642
3.81194
3.5192
2.28068
3.38574
4.44276
4.17233
4.01723
3.28372
2.12754
3.34911
3.83089
3.1648
4.36921
3.1123
2.35998
1.8666
3.21682
3.05255
3.85321
4.45398
3.47627
3.3635
3.33346
2.76252
1.2656
2.9894
3.55761
4.07516
2.94316
2.81095
2.36882
4.13082
3.49823
3.60343
3.90073
4.20242
3.87364
3.38689
4.65928
3.38226
3.13966
2.54769
3.31438
4.14341
2.99773
3.93018
2.76157
2.6296
4.31865
3.168
3.65627
1.67294
4.12911
3.76601
2.6847
3.92009
3.68715
4.10193
4.00414
3.26908
3.334
3.95498
2.14845
3.44852
2.47542
2.05299
3.97961
2.27159
3.38925
2.45043
3.80946
3.1456
3.76435
2.98174
3.15982
3.18082
4.15362
3.76407
3.12524
3.43952
4.04303
2.89645
3.37595
3.72957
3.81879
3.79697
3.39879
2.95735
3.96907
2.59551
2.21372
3.07006
2.80491
1.97371
3.05445
3.96237
3.4617
3.81733
4.27746
3.28312
4.4009
4.3346
2.91825
3.35891
3.12141
3.64112
3.12163
3.84437
2.72616
4.50564
3.42688
2.85912
3.15639
2.01983
4.00062
3.58362
3.55063
3.49001
3.85969
3.21394
3.59563
2.72632
4.20553
4.56013
2.84668
3.64831
2.86501
3.39747
3.89648
3.71136
4.21533
3.51957
3.98572
2.34567
3.78659
3.4015
4.14294
3.89065
3.13621
1.96815
3.46436
3.53322
2.28392
2.6568
3.28549
3.04161
2.85574
2.54925
2.94094
2.344
2.68121
3.33888
4.22145
3.74686
2.05587
3.47775
3.05287
2.92179
3.06128
3.50167
3.77813
3.69256
3.61863
3.92906
3.07337
3.67986
4.53831
2.82555
3.44307
2.94809
4.43659
3.2804
4.22939
3.47997
4.58943
3.23246
2.82956
3.77736
3.47694
3.03037
3.04206
3.90953
3.59588
3.85552
3.62191
3.08184
2.51128
3.51726
2.1524
2.71169
2.63334
3.15788
2.96632
4.5371
3.56581
3.77206
4.46424
4.51607
3.51637
3.63856
2.4828
3.74778
3.2325
3.41822
4.67816
4.14089
4.59867
3.17033
2.92455
4.09389
3.32867
4.15714
3.86474
4.24319
3.42881
3.08444
3.84702
3.10516
3.3016
2.92723
1.75504
3.25179
3.31635
3.19188
3.68419
3.4796
2.72226
2.56483
3.51136
3.73126
3.68321
3.17612
3.43697
3.79032
3.81077
2.30117
4.30564
3.6037
3.58016
3.03855
2.88714
2.97944
4.29636
3.38304
3.20846
2.95069
4.37894
3.61235
3.10345
3.76658
3.72672
2.38255
4.22544
3.28572
3.95797
4.11247
3.6825
3.19754
2.04668
3.45008
2.85061
3.94965
4.01057
3.95706
4.41408
3.08809
2.89674
3.79148
2.40807
3.46127
3.20942
3.42682
2.24044
4.13008
3.30251
3.33512
2.98801
3.83941
1.61358
2.96796
3.6851
4.13654
3.89067
3.26941
3.47169
4.33685
2.17268
3.3455
4.1286
3.13838
3.38608
3.86917
4.23474
3.60031
3.23731
3.74659
3.89448
3.57085
3.90078
3.42004
3.89488
3.37371
3.86583
4.14537
3.54277
3.58704
3.51075
4.02074
3.86928
3.10813
3.57412
3.46428
2.68303
3.64628
3.637
2.8085
2.77579
3.69052
3.43457
3.80654
3.12549
3.704
3.82342
3.59408
3.3257
3.75896
3.82068
2.4178
3.20871
3.7227
2.44046
1.49368
3.37078
4.20179
3.47197
3.52383
4.84717
3.37453
4.39447
2.18599
2.77173
3.8691
2.81571
3.34147
3.6884
2.46676
3.66159
3.89411
2.5074
2.45482
3.24678
4.19994
3.99186
4.23739
4.06443
4.19681
4.23003
2.7341
3.95268
4.14691
2.43002
3.56551
3.44334
3.71904
3.69309
3.61647
3.23167
3.21108
3.22141
2.4876
2.92115
4.22042
3.85113
3.09165
2.41889
3.8604
3.90687
4.40076
3.31663
2.59972
2.79759
3.14947
3.18905
3.24719
1.63203
3.23004
3.4792
4.07093
4.16653
2.95441
3.2625
3.87987
3.94791
4.12633
3.07477
2.60797
3.60399
4.286
3.62793
3.52646
3.13226
3.44944
3.02502
2.88874
3.54154
3.68628
3.11676
3.28749
4.31647
3.86408
4.10819
3.13323
2.31099
3.29041
3.29707
3.94897
3.17872
3.92403
3.78706
2.85307
4.12937
4.1061
2.83976
3.15221
4.42248
3.61562
3.73917
3.55205
3.10972
4.14379
3.63868
3.26714
3.027
2.76087
2.60463
3.76279
3.228
3.37833
2.30505
4.81799
2.01422
2.77138
2.97478
3.34405
2.18073
3.20149
3.12044
3.86265
2.9064
2.11605
3.64526
3.57149
4.09157
3.90732
2.97825
2.00539
3.2475
4.10123
2.61478
3.02442
3.08156
3.99924
3.67509
3.7403
3.50166
3.34632
3.60591
3.50202
4.03764
4.21416
2.358
3.78076
3.23739
3.23544
3.3721
3.4576
3.00548
2.98405
2.44678
4.05801
4.1656
3.1994
3.07201
3.85211
3.68469
3.15817
4.13859
1.87855
3.28878
2.70241
4.44908
3.70676
3.77601
2.92512
2.62033
3.88904
4.295
3.36586
3.70869
3.45127
3.74669
3.83087
3.91428
3.28872
3.75205
2.34948
3.36981
3.42684
2.96028
2.1294
4.00756
2.74624
2.94748
3.62112
2.65431
2.96827
3.46337
2.66986
2.99707
3.68391
2.76612
4.12143
3.38267
3.09407
3.3723
4.05209
4.04089
3.45069
2.44796
3.70022
4.29398
2.21535
4.44046
3.54188
3.53553
3.58659
3.04638
3.11728
3.92918
3.14653
2.48275
3.98144
4.09261
4.02678
4.13412
3.02754
3.67838
3.70525
3.51426
3.84617
3.03534
3.30338
3.51072
3.40223
3.72064
3.17404
4.09377
3.6606
2.79422
2.73963
2.58154
3.97825
3.06661
3.26937
3.51318
3.24745
2.95968
3.10813
3.10155
3.86864
3.36126
2.51466
3.81949
3.95422
3.22914
3.71509
3.09796
4.58205
4.24709
3.52735
2.66347
3.02356
3.65763
3.4555
3.46862
3.21364
3.41087
4.18437
4.08863
3.23668
3.87567
1.78059
2.93031
3.7506
4.65613
4.06101
3.58454
3.56522
2.75195
4.14488
3.33667
3.24907
3.11846
3.93063
2.40617
2.08585
3.88526
2.80591
3.92049
2.58286
4.23521
3.84812
2.75556
3.82821
3.04084
2.68323
3.17453
3.98393
3.5118
3.78713
4.18002
1.20221
2.05734
4.16617
4.55444
3.8284
3.29308
4.00571
3.04933
2.11105
3.31937
4.76968
3.5804
3.51796
2.5999
3.01453
4.02843
3.62576
3.90858
2.73413
4.48
4.23857
4.02569
3.86208
4.01529
3.79243
3.77022
3.60494
3.59354
2.87548
3.59044
2.91313
3.66198
3.67204
4.20051
3.65543
3.59674
2.45751
3.87062
2.78814
4.06833
2.96309
2.38887
2.66641
3.30343
3.20836
3.43779
4.13741
2.73612
2.93636
3.85258
3.68419
4.38606
4.18407
3.97431
3.00473
2.58815
3.40011
3.99479
3.38697
2.82008
3.80941
2.52093
3.85951
3.65292
2.64755
2.6983
3.60008
4.41041
3.31834
3.75511
3.81576
3.97603
3.22198
4.06317
2.80208
3.29217
3.65326
3.46386
3.62629
3.66372
3.1679
3.67664
3.42847
3.39348
2.85897
2.39038
2.84704
3.55746
2.82615
4.12481
3.52659
3.97854
2.98442
3.35017
4.16739
3.36305
3.34966
3.13649
3.42212
2.95561
2.68829
3.96419
4.33406
2.76122
2.20755
3.82478
2.86631
3.84843
3.53648
2.60717
4.233
2.63307
2.57504
1.99538
2.31584
3.19992
3.62719
2.91751
4.49205
2.4111
3.58112
3.68812
4.02875
3.46914
4.00112
2.73131
2.05237
2.72089
4.0735
2.54578
4.29506
3.82585
4.555
3.42949
2.86643
3.00312
3.44077
1.73966
3.341
3.38996
2.75103
3.82906
3.892
3.59085
3.49088
3.03125
2.48259
2.39573
2.66378
3.75554
2.90389
3.96031
3.89712
3.77921
3.58598
2.84036
4.35926
3.27364
2.59091
4.43326
4.52647
2.209
3.78657
3.21672
2.63385
3.5739
2.8113
3.77208
1.98367
3.93772
2.5251
3.63275
4.24705
2.77638
3.58017
3.01493
3.79878
3.52012
4.27578
3.1611
3.96698
4.25827
3.87678
2.75773
3.92169
3.884
3.55175
2.35897
3.13503
2.91694
3.5059
3.18702
3.45674
2.91575
3.60908
3.15591
3.12384
2.1502
3.14072
1.88247
3.82272
3.65509
3.03204
2.95481
3.89303
3.19537
3.52084
3.0191
3.20529
3.26125
3.51489
3.32758
2.74602
3.4142
2.57611
2.55063
2.79145
2.92799
3.13584
3.77845
2.96235
3.27302
3.46462
3.60595
2.90483
2.39327
3.61135
3.65923
3.72197
3.41491
1.79791
3.91268
3.87433
2.86462
3.09088
2.74011
1.84125
4.51241
2.75666
2.80236
3.0415
3.37345
2.9268
3.82958
2.77114
4.06035
2.34486
3.83953
2.97148
3.91334
3.78409
3.76623
3.31183
3.54516
3.53709
2.18565
3.27501
3.75635
3.84357
3.25641
3.24541
3.80078
4.05072
3.40278
3.64373
3.63185
3.40585
3.96751
3.89325
4.42957
3.71263
3.58584
3.47559
3.37507
2.78625
3.44386
3.43006
3.55694
3.47974
3.30361
4.40078
4.0471
3.82661
3.38623
3.50066
3.44648
3.54053
3.84187
3.97912
4.43269
4.09351
4.10876
4.2974
2.95583
3.02849
3.94278
3.27019
3.17794
2.7918
3.46747
3.85094
2.51186
3.55026
4.0739
2.90519
3.14915
3.68476
3.81799
3.40789
4.01709
3.45987
3.20399
3.70037
2.90879
3.07282
4.55153
4.26519
3.83494
3.70055
3.80636
3.90397
2.3592
3.88085
3.70445
3.91041
2.35689
4.01463
3.10632
3.13696
3.33577
3.75127
3.08575
3.5985
3.37055
3.25504
3.05571
3.99219
3.38881
3.64803
3.79452
4.34249
1.84367
2.24098
3.53755
2.90922
4.8817
3.14083
3.98965
1.66113
2.0763
3.34085
3.36139
3.25977
2.94749
3.28999
3.18403
3.63289
3.01375
3.32362
4.4587
2.65237
3.40631
2.96868
2.47745
1.83278
3.78411
3.75902
4.0979
3.98764
3.37262
4.40868
3.43705
3.06234
3.11325
3.68002
3.42584
4.12879
4.4544
3.81857
3.72993
3.09276
3.0948
2.74786
4.03486
4.65689
3.79731
3.50438
2.62598
4.53812
2.70316
3.71009
3.64952
3.60483
3.50274
2.82136
2.9005
3.3994
4.16571
4.26247
3.67494
3.8015
3.42366
2.88876
3.92761
3.23591
3.26171
2.2962
3.07519
2.80846
3.58923
4.09199
2.845
2.90917
3.70419
3.83625
4.01771
3.70476
3.55951
4.24914
2.78773
3.27412
3.12521
4.23223
3.73296
3.99076
3.5146
3.18858
4.44033
3.62352
2.07022
4.10294
4.38549
2.69203
3.47614
3.62396
3.1786
2.96389
3.90417
4.13324
3.31846
2.7562
2.67295
3.41502
3.76616
3.68452
2.76178
3.77876
3.52248
3.72102
3.91509
2.68694
2.1778
3.80524
3.76329
3.69344
4.21519
3.15049
3.46757
2.47472
2.01541
2.55841
4.46093
2.85092
3.85064
3.3009
3.34598
2.47738
2.40414
4.51053
3.49468
2.82308
3.50897
3.14356
3.64301
2.965
4.3518
2.94547
3.33411
2.66149
3.90042
4.15443
3.02046
4.23028
3.58276
3.25204
4.77166
3.84307
3.51963
3.06241
4.41083
2.53338
4.13374
3.63668
3.85742
3.82786
4.35037
4.63682
3.42023
3.5007
4.04662
3.13264
4.10731
3.78657
4.26167
2.71097
2.7382
3.4675
3.01536
4.33193
3.51076
3.37265
3.40702
3.10925
3.55093
3.20926
3.3193
3.32847
4.05192
1.26932
2.15441
3.54316
3.27062
3.84411
1.93568
3.42517
3.96764
4.14302
3.38912
2.38574
3.97721
2.63416
3.95205
2.70548
4.03878
2.78254
2.59811
3.72478
4.02511
2.91165
3.43888
2.99144
4.6459
3.70032
3.58643
2.92316
3.70817
1.74039
2.09664
3.79997
3.95341
4.20802
3.38721
3.74063
4.03499
3.83357
3.27853
4.01008
1.59248
2.61404
2.68015
4.01354
3.57993
3.71571
3.43077
2.85466
4.37159
4.00533
3.56756
3.26452
2.79903
2.18236
3.19558
1.52361
2.69626
4.15473
3.8674
3.27477
4.19717
3.58311
3.63012
4.44716
4.03206
3.21464
3.89398
3.64601
4.47902
3.84811
2.68914
3.89695
3.30396
3.20655
2.85653
3.63431
2.49301
4.54573
3.61198
3.87494
3.64375
3.1736
3.90698
3.39526
3.87905
3.79424
3.53394
2.5161
3.86972
4.01638
3.52215
3.4614
3.82164
2.3769
2.81562
3.93372
2.82305
4.05043
3.92256
3.62876
3.19557
3.814
3.63708
3.6757
1.96034
4.09792
4.54118
3.81193
4.60016
3.30414
3.49584
2.61505
2.62869
4.12334
3.97187
3.69601
4.46036
3.66797
3.83928
3.16431
3.30582
4.50493
3.28745
3.86533
3.60917
4.0344
2.70169
2.47146
4.21748
1.48425
4.54329
4.29922
4.20255
2.63948
3.35044
3.97807
4.25119
3.08037
2.94528
3.3928
4.36445
3.9646
3.75714
4.02706
3.94312
3.53113
2.15849
3.66328
3.1765
2.09945
3.71743
3.80817
3.33093
4.09497
3.24206
2.40581
3.5404
3.66754
4.3754
3.35832
3.57937
2.12669
3.42704
2.84111
3.27342
3.45611
4.03096
2.38144
3.61601
3.31957
4.10773
3.52205
4.03091
1.95437
4.2666
3.6378
3.76239
3.72255
4.11167
4.04774
3.4107
3.47415
3.90941
3.72893
3.94618
2.30535
3.8382
3.8847
3.24605
3.51985
3.60932
3.53084
3.43748
3.80156
3.46725
3.98451
2.16839
4.19711
3.33335
3.07577
2.43394
3.521
4.06438
4.08347
3.71536
2.84975
4.1354
2.65486
3.04982
4.18707
3.65004
3.30404
3.84833
3.08772
3.44646
3.19121
3.62465
3.98435
2.78901
1.89803
2.24956
3.05069
3.17335
2.20029
3.735
3.52765
3.54493
2.84552
2.99502
3.33775
3.81656
3.72194
2.61313
3.41015
3.88934
4.15646
3.64007
1.94971
3.28698
3.61102
3.58519
3.40718
3.93998
3.46171
3.9369
3.93008
2.28239
2.63572
2.55328
1.97799
3.19853
3.14863
3.13137
2.94734
3.80141
3.62627
3.19751
2.87259
3.56232
3.6574
3.51219
4.10851
3.68038
3.58438
3.28423
3.68182
2.88966
4.08285
3.02172
3.48071
3.98274
2.9135
4.69689
3.60314
3.51231
4.10354
2.7218
3.70144
2.80936
3.96909
4.50854
3.28666
2.24035
3.52149
4.00141
3.62928
4.37277
2.32213
3.31787
3.7831
3.4665
3.1367
3.28956
3.04765
2.74482
3.26341
4.5194
3.05739
3.33051
3.99674
3.16849
2.80353
3.91301
3.23941
1.65553
3.8289
4.06342
3.17778
3.14828
3.62202
3.65674
1.55524
3.85875
3.10099
3.55521
3.23216
2.01585
3.65423
2.87595
4.30514
2.54947
3.80129
3.49794
3.35086
4.03999
1.87985
3.89128
3.83795
2.21816
2.1913
3.15335
3.46208
3.87861
2.41883
3.78674
3.00885
4.78515
3.54186
3.47887
3.60055
3.66254
3.02723
3.95364
3.7595
3.19536
3.2505
3.52094
3.71142
3.73437
2.89503
2.99877
3.55334
3.18491
3.46654
4.22218
2.67894
3.4796
3.44392
1.87479
3.62914
4.02968
3.50934
2.98938
3.11856
1.71557
2.13997
4.34738
3.7719
3.36063
3.19165
4.41957
3.70365
3.61196
3.46397
3.30835
4.41169
3.96533
3.69451
4.17551
3.53259
3.29864
3.49972
3.41633
3.00966
3.92946
3.08938
3.78132
3.71061
3.67649
3.62521
3.33191
4.24795
2.63503
3.06712
3.37169
4.70209
2.00755
3.80258
3.6401
1.50142
3.17066
2.93093
2.55239
3.4015
3.69287
3.56682
3.22121
4.20759
3.86428
3.87699
4.01187
3.81116
1.49781
2.54248
3.04197
3.51266
2.41321
4.00385
2.99487
2.90826
3.2799
3.29654
3.27741
2.06637
2.61321
4.15843
3.98542
3.57036
4.03049
2.79593
3.88084
3.51804
3.91439
3.19951
3.20003
3.35132
2.42635
3.63726
3.04988
3.11793
3.80873
4.14636
3.06484
3.73501
3.89387
1.85264
2.34741
3.4013
2.63006
3.44737
1.99217
3.48544
3.29451
2.32855
2.67222
4.7765
1.86917
3.37414
2.78061
4.12929
2.41234
3.57879
3.28284
2.29519
2.8772
2.71756
3.45344
2.02173
2.28362
3.36971
2.66874
3.7109
3.51003
2.36363
3.63189
4.2099
3.65858
4.03392
3.09653
3.35636
4.05574
3.86502
2.92986
3.38182
3.93407
3.28019
3.51292
3.53352
3.62495
3.86424
3.29654
4.31265
2.91866
4.72486
4.06937
2.66475
3.20003
3.79293
3.67852
3.3868
2.66597
2.91865
3.63646
4.35204
2.79314
3.94279
3.50449
4.28833
2.21203
4.05348
3.72575
3.91841
3.64692
4.12292
3.88251
3.70836
4.21708
2.46536
3.07664
4.40036
2.73838
3.37188
3.92312
2.97137
4.50776
3.74567
3.61813
2.70395
2.74738
3.31245
3.6732
2.64428
3.40721
3.27452
3.79059
3.66862
3.58917
3.75158
2.60713
2.86249
2.99097
2.91172
2.64886
2.60048
2.69756
3.72582
3.73048
3.69893
3.59253
4.08443
2.54641
4.20184
4.97194
2.98193
3.84813
4.26125
3.55626
2.83158
2.5011
3.85501
3.02639
3.6293
3.29719
2.91833
2.96368
3.40038
3.52499
2.95382
3.53542
3.88348
3.06168
3.20509
2.74019
3.25918
3.30116
3.33029
4.53601
4.26774
3.62673
3.32141
3.61157
3.89047
3.86857
4.34448
2.35412
3.71903
2.96169
3.43433
2.67097
4.22777
2.39559
4.00284
3.73115
2.38695
2.94217
4.16171
3.8114
2.98349
1.65884
3.01119
3.59183
3.67812
3.50933
2.82176
3.77575
4.0939
3.80991
3.6244
3.71915
4.44033
2.75089
3.12204
2.28996
4.03796
2.798
3.28408
3.02317
3.34469
3.87444
2.83326
3.38537
2.89944
3.30572
2.18873
4.11498
4.30059
4.45205
2.55166
3.67439
3.23193
4.29019
4.02256
3.02967
3.31785
4.73974
2.6024
2.66498
3.40155
4.34854
2.64468
3.52795
3.50643
4.46886
3.54982
3.3767
3.33155
3.475
3.15895
3.75088
4.02528
2.44371
3.29474
4.45489
3.76808
3.05694
3.35295
4.027
3.48329
3.59208
4.06753
3.26177
2.94689
3.75884
3.79563
3.73733
4.34507
3.36514
3.38864
2.61856
4.31963
4.09529
3.6812
3.68177
2.15458
3.2504
2.71029
2.69949
3.22454
3.38239
3.27671
3.13001
4.62562
2.5336
2.58783
3.0118
3.5574
3.24571
4.05364
4.85857
3.5144
3.88053
2.9184
3.74453
3.92962
4.4982
2.38002
3.49646
3.81895
3.2691
2.53802
2.78144
3.15614
1.79315
3.83021
3.84647
3.00127
3.42311
2.32645
3.21102
4.35324
3.4263
3.47068
3.41716
3.6167
4.16171
3.14113
3.43268
3.74199
2.71176
3.5859
3.43303
3.8091
2.99252
4.02545
3.50514
3.14716
3.33937
2.95959
3.78783
3.14316
4.29718
2.0232
4.23326
3.37436
3.45189
3.64849
3.79481
3.63643
2.88351
3.70861
4.15768
3.95957
4.76246
3.75205
3.68236
4.38718
1.81099
4.06778
3.41596
2.54209
4.12362
3.32497
2.42123
4.02448
3.24338
3.48455
3.18864
3.6597
1.91495
3.14891
3.97586
2.89837
3.19977
2.99918
3.22091
2.96613
3.8542
3.90965
2.6381
3.38812
2.8216
2.88041
3.86351
4.38309
3.26761
2.46623
3.60026
3.44154
2.97416
3.50025
3.35303
3.28073
3.54692
3.74269
3.35352
3.43608
3.45333
3.94335
3.61301
3.63896
4.03455
3.24633
3.52864
3.97708
3.99409
4.21617
4.00212
3.97711
3.17052
3.66887
3.31765
3.64579
4.75559
3.96192
3.81503
3.39225
3.26861
4.0886
4.61887
4.73156
3.07053
2.58391
3.78276
4.45631
3.38108
3.76548
3.84757
3.19401
4.16482
3.08373
4.05394
4.8978
3.4814
3.89839
4.1824
4.58889
4.11295
4.11557
4.45947
4.10213
3.81501
4.18256
2.18728
3.50644
4.46338
3.88909
2.83687
3.19991
3.43024
4.40933
3.86932
3.42289
3.92146
3.36391
4.6129
4.25164
3.78041
1.69294
4.00953
3.61392
3.71714
2.9659
3.69219
3.51183
4.4886
2.28745
3.4834
3.61668
2.58764
2.94166
3.16881
3.78499
3.52081
3.73283
3.68953
3.54754
3.904
2.42268
2.87021
3.2921
4.45053
3.49033
3.08959
3.03901
3.22602
3.14592
2.16086
3.60917
3.71826
2.44727
3.59738
2.64932
4.17521
3.59687
3.9872
3.26567
3.40728
3.02233
3.85549
2.73865
3.01483
4.36129
4.01801
3.63591
1.68292
2.87783
3.28436
3.27875
3.44561
2.79749
3.68336
2.91571
4.10724
3.28282
3.95098
3.90061
4.00336
4.02726
3.16369
2.9924
2.91677
3.69967
3.03963
4.28535
3.0767
3.52562
2.65919
4.20115
3.64209
4.34208
4.49342
3.33128
4.66341
3.10981
3.75992
3.05861
3.35543
4.31121
3.65787
3.83487
3.36731
3.87935
3.49642
2.82308
3.44555
3.49834
4.17139
3.76896
3.85353
2.121
3.08724
3.38465
3.77131
3.17353
2.78487
3.75532
3.02157
3.08028
3.88261
2.77254
2.99928
4.04098
2.92549
3.48367
3.51007
3.29342
3.55918
4.22527
3.17347
2.74912
3.569
3.17833
3.33197
4.05379
4.07721
3.87575
3.36056
4.25606
2.79376
3.97832
3.51049
2.87698
2.19426
1.99299
3.91672
2.34396
3.90774
3.63581
2.55946
3.68457
3.57743
2.65493
3.24545
2.25704
3.41743
3.64137
3.59279
2.45818
3.78927
3.4459
3.29768
3.21377
2.6625
2.68186
3.5152
4.09425
4.60919
2.55187
3.76894
2.60832
3.818
3.33039
1.9254
3.75059
4.28791
4.18726
3.28669
2.26734
3.87217
3.26312
2.94878
3.33002
2.61111
2.91794
2.95464
3.89561
2.7697
4.03321
3.10848
3.18793
2.30455
3.84272
3.12793
3.43293
2.44519
2.71681
3.16269
3.05932
3.83012
2.56296
3.4825
3.4969
3.76272
4.37378
4.17849
3.39778
3.49504
3.64201
3.97135
4.39857
3.47113
3.56982
3.89004
2.98528
3.48774
3.76319
3.10905
3.83936
2.66422
3.5166
4.41876
4.20573
3.45721
3.81783
4.17572
2.58578
3.64276
2.40549
3.3811
3.59344
3.20013
3.39862
4.28209
3.43871
4.45318
3.68068
3.94025
3.87047
1.78495
3.45462
3.868
3.26494
4.22766
4.03782
3.9607
3.67074
3.81344
3.80359
4.39642
3.61677
4.32494
3.20763
3.77771
3.46295
3.51361
3.52842
2.39439
3.27367
3.23983
3.50242
3.66574
3.35409
4.40816
4.05521
3.33188
2.57866
3.45734
3.02504
1.8925
4.45116
2.99582
3.55612
3.06931
3.39337
3.231
1.197
3.61232
3.12007
3.22245
3.38742
2.86302
4.66179
3.12214
3.15944
4.03878
4.01538
3.58633
3.67979
3.39301
3.61214
4.22296
3.30945
3.92396
3.73094
3.28248
3.66641
3.34821
3.35992
2.86059
3.64996
4.17462
2.58791
3.83652
3.61273
3.99672
4.13884
4.10179
3.88221
2.36456
3.04997
4.19559
3.22609
4.17561
3.19698
3.9916
3.56355
2.9412
3.46673
3.9784
4.33086
3.35748
3.84574
3.70723
3.30376
3.52454
3.79065
4.17884
4.0709
3.90115
3.31577
3.54046
4.07521
2.51535
3.8417
3.92447
2.19587
3.24217
4.30894
3.32812
4.68415
4.16797
2.27462
3.66201
4.1129
3.08005
2.89981
2.55792
3.21682
3.52378
2.47693
3.46554
3.54394
2.84856
2.85176
4.03099
4.59139
2.83975
4.44483
2.87123
3.48786
3.80893
2.62461
2.38629
3.40358
2.69936
3.40673
2.6134
3.48324
3.71907
3.47163
4.03371
3.36682
3.71075
3.45631
3.65394
3.68552
4.44536
2.81959
3.77579
4.29224
4.00114
4.16095
3.84888
4.20114
2.65348
3.65819
1.76501
2.74982
4.61009
4.23977
3.81463
3.58426
2.21142
3.86768
2.27276
3.6401
3.72985
4.20039
3.85926
4.18572
3.96991
3.74134
3.01879
3.43999
3.33208
2.34692
2.81492
3.7162
3.22643
4.77222
3.09325
4.09355
3.56919
3.78
3.81227
4.04367
3.69403
4.00292
2.65307
3.61357
2.77477
3.00958
3.47615
3.7827
3.42917
1.90138
1.92805
3.38061
3.93079
3.33104
3.7448
4.25728
4.28039
4.10625
2.20882
3.4485
2.92454
2.82673
3.24636
4.50225
3.42339
2.53676
3.82459
3.71139
2.41769
3.76833
1.94586
2.27332
3.4489
4.63139
3.87954
3.63338
3.67609
3.40964
2.33701
3.67543
2.99243
4.2146
3.93447
2.18732
3.06342
4.35056
2.94961
4.00903
3.10768
3.59103
3.68382
4.30211
3.84336
2.7968
3.3289
3.12311
2.54565
3.83339
4.56904
2.18354
3.31651
3.05974
3.38882
2.45816
4.32157
2.5054
4.00695
2.68179
3.64286
2.32936
3.8865
3.21515
3.40334
2.79468
3.46469
3.82775
2.99174
3.21634
3.98321
3.49876
4.06977
3.69345
4.05231
3.92046
3.88022
3.32077
3.86721
3.84325
3.20564
2.491
3.72326
3.25379
3.2126
2.53141
3.38523
3.9259
4.871
3.01349
1.64863
4.02269
3.77369
2.1768
2.37667
2.78149
3.07095
3.81838
4.26928
3.9088
4.09719
3.88574
3.56621
2.443
4.04689
3.22866
3.93592
4.06659
3.72143
3.26974
3.45652
2.89236
3.79631
4.28963
2.70145
2.91902
3.75227
2.52459
3.1558
3.70829
3.33048
2.7707
4.2379
2.76671
4.04291
3.92653
2.58857
2.69902
2.1971
4.32024
3.18476
4.02985
3.34324
3.81937
3.24648
3.96353
3.17285
2.59796
4.07849
4.05688
3.30802
3.56899
3.94666
3.7389
2.87766
2.41651
4.25359
3.33654
