3.00078
3.79455
4.16539
3.51614
3.4595
2.6208
2.36919
4.02875
4.14272
3.06395
2.34407
2.69235
3.80738
3.80493
3.8202
4.06776
3.6122
3.8047
3.0508
4.39117
1.69207
3.16848
3.96058
3.74283
4.32512
4.30287
3.81814
2.16072
2.04403
2.48926
3.87416
3.07189
4.03465
3.13276
2.73833
2.74418
2.9449
3.2057
3.97223
3.88581
3.82538
1.92973
3.76333
2.5827
2.65155
3.75133
3.26513
2.13875
4.00764
3.83391
3.71082
4.20914
2.94317
3.10954
2.53283
3.2925
2.72177
3.75036
2.36757
3.99783
3.86076
2.96102
4.05813
2.69835
2.68997
3.86762
3.74076
3.82763
3.10696
3.77509
3.46807
4.28706
3.71097
3.14043
3.63866
3.9471
3.68298
3.39122
3.46718
3.81944
3.72801
3.52481
2.80177
4.52633
2.78163
2.83714
4.23404
2.78387
4.19312
2.26568
3.01137
3.60103
2.95524
4.17423
3.87031
3.6316
2.96401
3.65735
3.75157
2.4431
2.63047
4.42274
4.20542
3.59303
4.33389
3.78241
3.61143
3.21555
3.50336
2.80717
4.23104
3.42448
3.60672
3.78698
4.25884
2.63711
4.18142
2.74564
4.27246
3.50056
3.41459
4.12614
3.79824
4.06431
3.82773
3.865
2.57659
3.42408
4.20188
3.54589
2.93779
3.98249
2.73349
3.19325
3.03274
3.43963
2.73814
4.94001
2.56235
4.27324
3.02885
3.94134
3.65122
3.52958
3.91707
3.12924
2.97886
2.87855
4.1614
2.91868
3.59934
3.87871
2.34029
3.22795
3.41551
4.30065
3.59138
3.68391
3.18959
3.61186
2.7091
2.83124
2.66402
3.62129
4.39455
2.64397
3.53728
4.41815
3.88023
2.60509
3.1438
3.52467
3.02666
4.14405
3.39197
3.6048
3.02692
4.16964
2.31851
2.64557
3.25406
3.91095
3.83803
3.83643
2.97515
2.59436
3.8877
3.33268
4.62727
3.26906
3.43011
4.37779
4.35298
3.3161
3.43967
3.75991
2.70784
4.16576
4.03341
3.89926
4.04023
3.68194
3.99852
2.34973
2.84001
4.03286
4.05619
1.96061
3.11628
3.8354
2.04325
2.54595
3.89267
3.76155
1.59959
4.38896
2.45688
3.41593
3.60331
2.97905
3.42512
3.56069
3.5968
3.13597
3.28732
3.72922
3.0853
4.52379
2.93875
3.05499
3.76597
3.39935
3.22089
3.99404
3.2379
3.08029
4.24605
4.03797
4.2535
3.5205
4.00027
3.97248
4.16592
2.63016
4.46424
4.07597
3.38902
4.13997
3.45544
3.38598
3.21012
4.20746
2.26875
2.63812
3.52325
2.93858
2.86182
3.98659
2.74615
3.65451
2.55314
3.2218
3.20531
3.59227
2.52542
2.92439
3.35507
4.01324
3.10221
3.14145
3.9115
4.14944
3.15543
3.10918
4.04346
4.13176
3.89071
2.60743
4.30033
4.60247
3.3473
3.52158
3.55546
3.81266
3.58161
3.03284
4.42178
3.43653
3.00594
3.73761
3.56991
3.27762
2.8351
3.08581
2.20325
3.90021
3.40127
3.65276
3.78369
2.96363
1.45209
3.63409
3.40865
2.86358
3.922
3.87646
3.5434
3.93062
3.99433
3.68068
3.44324
4.03977
3.01331
3.73833
2.17709
3.67729
3.52158
3.76453
4.45744
2.57689
3.09664
3.66411
3.50468
3.02356
3.03796
2.18859
3.82947
4.07207
4.69175
4.09412
3.32872
4.3437
3.27885
4.02238
2.88703
3.73435
4.21393
2.0353
4.6137
2.31286
2.31771
2.8474
3.08275
3.57313
3.21055
3.27562
4.30105
3.779
3.60235
3.42096
3.40205
2.88985
3.79105
2.66683
4.14766
3.54305
4.18116
3.48216
4.10924
3.70326
1.77534
3.90009
3.34716
2.95954
2.21438
3.91523
3.99994
3.70378
3.39558
2.61795
3.37108
4.08561
3.04883
3.56002
3.06105
3.67705
2.87996
3.12778
4.29496
3.69085
2.3903
3.16212
2.73448
3.73315
3.02086
2.30251
2.53034
2.92396
3.60129
3.25903
4.22175
2.81025
3.25636
1.97116
4.21548
4.59759
2.9695
1.4919
3.87019
3.57301
3.67767
3.51177
4.06339
3.02504
2.13874
4.32082
4.23383
3.37877
3.76618
2.92719
4.27232
4.15493
4.27111
3.43712
3.09614
2.87859
3.38011
4.02629
3.66479
3.73435
4.38637
2.84659
4.10755
2.01604
3.31718
3.81505
3.34161
3.64117
4.1545
3.80461
3.83033
3.56224
3.90775
2.86872
2.79404
3.70935
3.16081
3.06204
3.06695
4.15078
3.45856
3.60313
2.44303
4.19957
3.80457
3.3565
3.27388
2.76729
4.49052
3.17871
3.88513
3.01434
2.91547
4.26067
3.1408
4.47706
4.2869
3.62424
4.42533
4.21977
3.74924
3.38392
3.91587
2.86939
3.04167
3.58344
3.64327
3.34882
4.36425
4.23137
3.71216
3.52636
3.27926
3.71322
4.12564
3.90019
3.56716
3.72338
3.87761
4.25805
3.94123
3.38128
3.35807
2.48669
3.56862
3.05789
3.67503
3.77885
2.52637
4.57865
1.80632
3.27597
3.84363
2.63581
3.81865
3.86225
3.31599
3.16019
3.79955
3.39221
4.4182
3.66315
2.67167
3.60882
3.28819
3.66855
2.35968
3.4657
3.71482
3.48187
2.74919
3.57562
2.96778
3.57026
2.41811
4.01249
3.88548
3.42034
2.81195
3.71261
4.23742
3.4988
3.53335
3.51679
3.94345
4.03428
4.87033
3.19074
4.43722
4.41238
2.74476
4.45855
4.35098
4.04087
2.85079
2.88197
4.21361
2.99181
3.52756
3.25639
4.16312
3.72873
4.2967
3.91599
2.86543
3.86846
2.49439
3.22874
2.94111
3.42438
3.98193
3.6323
3.89004
4.05448
3.69507
3.27557
4.09723
4.05328
3.42619
2.98835
3.92197
3.81837
3.7508
3.36824
2.45749
2.78413
4.00499
4.16512
2.44006
2.95526
2.78948
3.63788
3.5454
3.7019
3.9341
3.40471
2.89163
3.08338
2.71915
3.41977
3.22243
3.47044
4.00893
3.59012
3.73436
3.59044
4.44871
4.33894
2.09757
2.76976
3.60057
4.26648
4.17992
2.87728
3.47442
3.59047
3.11638
3.67794
1.77626
3.89802
2.58585
3.04833
3.67807
3.57764
3.57382
3.7067
1.75718
4.03233
3.12806
3.086
2.73658
3.82313
3.75653
3.7824
3.7762
3.17019
4.02891
3.99629
3.52661
4.40169
2.73592
2.64779
3.81578
4.53036
4.17596
2.87325
2.68672
3.78482
3.48842
3.39698
3.57819
2.48542
1.92506
4.44263
2.22922
2.56232
3.89334
2.64197
4.19748
3.36474
4.14431
3.08546
3.65302
3.78667
3.71028
2.29
4.39719
4.32616
2.42031
3.14778
3.60527
3.67268
2.94946
3.83973
3.42626
4.11537
3.70389
2.91376
3.03936
4.53167
3.18089
2.83288
1.69176
2.7665
3.65507
2.91013
3.75478
3.97052
2.37157
3.89188
4.06345
3.75163
4.33995
4.55298
4.29732
4.20459
3.84024
2.82764
3.72896
2.1611
3.80792
2.84367
2.85406
2.69574
4.29539
2.82326
2.82476
3.43533
3.27894
2.98869
2.18245
3.98587
2.73478
3.47577
3.20975
4.08417
4.17901
4.16607
3.69111
2.33504
3.73777
3.39545
4.36853
4.40363
3.566
4.21694
3.21138
4.16359
4.05169
3.92094
2.1483
4.11845
2.74851
2.82004
4.34483
4.1803
2.24509
3.72502
3.74647
2.54847
4.05637
3.65319
4.18809
4.16915
2.85606
3.4996
3.38669
3.69705
3.87929
3.91928
3.61394
2.26047
3.82376
4.32542
2.23657
2.59356
3.97211
4.25355
3.44802
3.79509
2.43132
4.01783
4.36861
3.378
2.76249
4.1014
4.07261
3.29594
3.19595
3.49428
2.888
2.00669
1.92219
3.5114
3.16785
3.10273
3.21492
3.2062
4.55003
4.10253
2.65443
3.37646
4.19686
4.57932
2.61055
2.23949
3.40156
4.30672
3.36472
3.0913
3.20436
3.41783
2.85415
2.90154
2.50554
3.22935
1.90124
2.86548
3.86831
3.68825
3.16429
3.29883
3.78143
4.14418
3.70537
3.85228
4.13983
3.68255
3.24032
2.67466
3.23345
2.99615
3.54163
4.74562
3.76675
3.85719
3.79664
4.31009
2.87433
3.09091
3.86838
2.60023
3.59362
3.51583
3.14567
4.26274
3.607
2.33211
3.6003
4.14554
2.4343
3.36006
3.20082
3.85884
3.43034
2.70222
3.69881
3.25586
2.7375
4.06728
3.44212
3.70295
3.58126
3.88467
2.85926
3.6401
4.01803
4.07538
2.91891
3.36853
4.39258
3.22122
3.30371
2.90188
1.6381
3.05402
3.56806
3.73922
2.00162
2.88119
4.44466
4.59449
3.66803
3.74913
3.20685
3.91428
3.78986
3.28614
3.4892
3.72467
3.72701
3.00393
3.47608
3.0193
2.70562
3.69198
3.88695
3.33824
3.77531
2.66887
3.75625
3.92436
2.68582
4.27715
4.80913
4.84435
3.4707
3.22918
3.79044
3.11008
3.08765
3.08861
3.79552
2.54831
3.79551
2.44259
3.82981
3.75408
3.47947
3.84755
3.20492
3.70497
3.7745
3.55739
3.02692
3.95647
4.37248
3.70604
3.83259
3.54189
3.20974
3.32729
4.25075
3.95911
3.30955
2.66412
3.69537
1.70642
2.65166
2.60195
3.44734
2.89943
2.62917
3.98335
4.18662
2.51102
3.13921
3.17838
3.85486
4.46884
4.10327
3.36378
2.99074
3.51807
3.20838
3.54642
2.33892
1.63626
3.30261
2.67837
3.48501
2.73859
1.63768
3.36373
2.92969
3.34236
4.50031
2.94851
3.30653
4.3238
3.56957
2.71908
3.74182
4.15984
2.31589
3.85102
4.36063
4.09373
3.60249
2.77123
2.93613
2.59127
3.10755
4.6773
3.38921
3.84928
2.21786
3.95386
3.4375
3.8608
3.51568
3.54784
2.68705
3.85389
3.30426
3.1287
3.46009
3.3959
4.52025
3.46873
4.47712
3.86039
4.32323
3.30997
4.1986
4.27341
3.01252
1.87287
2.91047
3.36534
3.72264
4.01031
1.88835
3.725
3.71224
3.45175
3.64856
4.01538
3.43307
3.94984
3.94391
3.59457
2.91119
3.01777
3.27572
4.43262
2.03214
3.32971
4.03601
4.64431
2.35517
4.22753
3.10858
3.27188
3.22796
3.97721
2.33545
2.52566
2.58093
3.59718
4.43281
3.61971
4.02366
3.81124
4.05727
3.26124
2.94199
2.4272
3.95736
3.73143
3.14201
2.06499
3.83673
3.8932
3.87664
3.00388
3.02597
3.51368
4.16931
2.64848
3.81231
3.12568
2.22915
3.64724
2.18959
3.36128
3.56957
3.44285
3.78736
3.88119
3.79543
3.89078
3.70123
3.85664
2.03635
2.89191
4.0179
3.63607
3.16625
2.77367
2.69363
2.24806
2.88599
3.27504
3.48868
4.47545
3.91161
3.29278
2.85743
3.16155
3.34863
2.71139
1.989
4.13025
3.66702
2.54396
3.55422
3.00426
3.22079
2.93193
2.70623
4.35668
3.48381
3.84706
3.56486
4.23883
4.14429
3.82005
3.10696
4.03692
3.25001
3.95657
2.84195
2.75246
2.71809
1.78057
2.52855
3.88487
3.46783
3.70283
3.01777
3.7677
3.47435
3.90367
2.67344
3.53904
3.8016
3.77632
3.38466
4.27167
4.11784
3.71578
2.01531
3.53659
2.42468
3.63705
2.63514
4.18342
3.42662
3.88009
4.40895
4.05037
3.13233
3.56959
2.61434
3.96641
2.78475
1.96939
3.03567
3.44565
3.26941
4.33054
3.31238
3.06122
3.48821
3.15394
3.65137
4.43001
3.95977
4.22302
3.33381
3.86193
3.22269
2.84417
2.93916
3.6712
4.6735
4.14754
3.41386
3.88166
4.15339
3.95208
3.65723
2.72678
3.79589
2.20553
4.09937
2.92364
3.77725
3.13537
3.98939
3.22114
3.94866
3.87021
4.07698
4.06525
3.97115
2.75823
3.37423
4.18105
4.03006
3.66357
4.04542
3.03403
3.48197
3.87548
4.16361
3.47117
3.6424
4.42195
3.75241
3.094
4.14348
2.1722
3.47644
4.07381
2.92222
3.53266
3.90653
2.72694
3.19383
2.06114
3.31832
3.61748
3.70016
3.57694
3.64399
4.02894
3.51842
2.32435
4.05142
2.57393
3.84657
2.75911
3.27663
1.5483
3.9408
2.62987
4.20136
2.61631
4.07683
2.9437
3.058
2.90153
2.30198
2.20613
4.40948
3.48634
2.93107
2.50071
3.0813
4.47773
4.59775
3.88183
2.56726
2.7989
3.22439
3.27049
3.56908
3.98912
3.94275
4.35561
4.19727
3.79623
4.37916
3.00638
3.10571
3.71316
2.52279
3.6329
3.11381
4.42581
2.83401
3.21314
2.67733
4.25117
3.44032
3.00115
2.72966
1.75313
4.46017
3.75753
3.25213
3.89622
2.35718
4.39712
3.18228
4.20034
2.67665
4.07002
3.52474
2.43595
4.21265
3.48314
4.40496
4.02655
3.40347
3.4125
3.74022
2.84002
2.43469
3.69193
3.22322
3.75837
2.51274
3.80772
3.15755
3.51734
4.16841
3.58111
2.22969
3.62083
3.37405
2.95113
3.55412
3.51408
2.73538
3.96157
3.12711
3.87072
2.80017
3.94165
3.41625
2.62841
2.89422
3.85455
3.60964
3.8032
4.04486
2.92648
4.33325
3.93516
3.48561
3.16536
3.02561
3.30307
2.96861
4.09992
3.41061
2.98255
3.63125
4.06194
3.66527
3.48297
4.44082
3.22888
3.57541
3.38303
3.48412
3.83995
3.4637
2.50091
3.8599
3.41603
4.04382
2.86766
3.99998
2.44632
3.13594
3.84718
4.11948
3.5862
2.51877
3.26483
4.15881
2.96112
3.26831
3.72648
2.03938
4.22732
4.46667
3.8234
3.90214
3.58565
2.9337
3.92004
3.16188
2.89818
4.07165
3.97627
2.79784
3.05654
3.0474
4.50137
3.83355
3.23631
4.02327
4.12585
3.2566
4.25303
4.23417
4.23873
4.27526
3.59392
3.49455
3.21514
3.93197
2.76098
3.57059
3.37765
3.55662
3.38643
2.74391
3.65294
4.87439
3.67553
3.90579
2.92691
3.45218
3.43153
2.73702
3.91974
2.90205
4.08318
4.3157
3.33227
4.28698
3.19365
3.16789
3.79022
3.8181
3.92608
3.60395
3.13842
3.06396
3.04055
4.12174
3.01353
4.32432
4.0754
3.89477
3.93733
3.76705
3.06711
3.62266
3.24025
3.27047
3.72604
2.6908
3.1796
2.58523
4.65895
3.45647
4.74512
4.59362
4.00074
3.78029
3.79134
3.60843
2.94689
2.06426
3.3765
3.55926
2.93293
3.58827
4.10772
3.61725
3.21302
3.94648
4.66673
2.59174
3.85546
3.81552
3.78431
2.21463
3.40242
3.88474
3.81528
4.0868
3.78708
4.07021
3.41648
3.05532
3.47686
3.78808
3.84224
1.88869
3.37003
4.5172
3.62482
2.40494
1.92264
2.77376
2.492
2.80825
2.73191
3.73846
3.50926
3.28561
3.29103
3.97263
2.79853
2.79174
3.27766
3.19626
2.66849
3.74802
1.93373
2.20325
3.93002
3.07526
4.27268
2.59157
2.90731
3.43375
3.29478
2.99061
2.66073
3.12687
3.88487
4.74705
4.65341
2.92945
4.26992
2.81107
2.75422
4.02394
4.34232
3.87959
3.57747
3.49238
4.49327
3.77078
2.62215
3.48607
3.75561
2.952
3.83835
2.90643
3.786
2.48158
3.07855
3.34135
2.5721
3.77762
3.79273
3.42544
2.97048
3.68576
4.30388
4.10473
3.30628
3.91174
3.50466
3.5619
4.10253
2.79151
3.19431
2.67622
4.46362
3.61129
3.76283
3.60014
2.75194
3.22343
2.38832
3.19593
3.67933
2.72094
4.08158
2.26697
3.97435
2.6552
4.06008
3.54802
2.87204
2.97204
2.77697
3.01346
3.68159
2.37803
4.6354
3.32518
3.65594
4.22469
3.70698
4.20449
3.66901
3.38867
3.8672
3.92107
3.83361
3.65436
3.06212
3.72371
4.43507
4.18517
3.9429
3.63424
3.78222
3.71256
2.87294
3.56062
2.47342
4.09088
4.6428
1.50951
3.62219
2.79586
3.20951
3.51052
2.98149
2.31174
4.51931
4.28564
3.38899
4.06268
4.57042
2.3902
4.01632
3.60628
3.15299
3.61882
3.59273
4.06304
4.55279
4.15751
3.06035
2.95131
3.16831
3.64593
3.58423
3.42657
3.24998
4.25319
4.38683
3.35065
3.05564
3.70838
3.18987
3.26015
1.92842
3.05556
3.09688
3.10158
4.47886
3.50077
3.39287
3.10354
3.40262
4.39952
3.05563
3.28066
3.57533
3.49826
3.46375
2.10828
3.05926
4.33351
4.37812
3.28328
4.08437
3.45092
2.9579
4.01545
3.54597
3.09764
2.81001
4.01622
3.01774
3.46597
3.35135
3.99289
3.79569
3.99975
3.49868
3.23799
3.46665
3.18185
3.09
2.36039
3.89852
3.2689
4.37176
3.42739
3.68888
3.9459
3.385
4.32968
4.20227
3.04197
2.48787
3.68123
3.64512
3.1655
3.68516
3.45333
3.02028
1.41282
3.27993
2.37405
2.93902
1.27618
4.08228
2.80376
3.02341
4.49196
3.61436
3.74502
2.39574
3.66289
4.44146
3.54673
3.59671
3.40815
3.75202
2.89014
2.36621
3.66473
4.08763
3.79729
2.51551
3.90157
3.74923
3.44174
3.28778
3.41431
2.64044
3.37813
3.2347
3.96608
3.04768
3.46778
1.70505
3.43074
3.46807
4.00057
3.76188
4.0748
4.41033
3.96685
3.3338
3.76662
3.78477
3.53956
3.28028
4.60613
3.2133
3.41716
3.78618
3.87694
4.10956
2.55933
3.90478
3.51154
3.30165
3.68334
3.63621
3.26245
3.3446
3.68582
3.71181
3.55917
4.81399
2.61725
3.73544
3.9668
3.58276
1.78356
2.29772
4.11059
3.62002
4.0386
2.51732
3.71971
2.44494
3.92643
3.68547
1.44373
2.17243
2.99825
3.09662
3.05968
4.55017
2.73046
3.3088
3.44173
3.07019
1.99529
3.15069
3.25877
3.16371
4.39819
3.30719
3.27135
4.03661
3.94625
3.68193
3.75715
2.75903
4.89119
4.24317
3.54768
3.09785
4.28667
3.54496
3.9339
3.3528
3.74017
4.34766
3.53589
2.62069
2.30614
4.2111
3.57398
2.59086
3.28293
2.08009
2.59109
3.66193
3.90154
4.02785
3.20064
3.38479
4.2966
3.90714
3.85642
3.41973
3.982
3.00733
2.19036
2.95736
2.42583
3.31179
3.97078
4.13088
4.23666
4.1497
3.56361
4.42725
3.0651
3.4837
3.45591
2.83674
2.55562
3.59722
4.23134
3.5981
3.69261
4.55437
3.62873
3.29121
3.76387
3.95454
3.2419
3.72638
3.686
3.08615
4.52428
2.18455
3.66196
3.0924
3.71975
4.46336
3.64877
2.94806
3.47757
2.05034
4.47917
3.65591
4.09374
3.334
2.68063
2.89801
3.57974
3.79816
3.92621
4.21152
2.99602
3.31141
2.12659
2.97615
3.5957
3.35904
2.71076
4.05799
3.93063
3.43506
3.18631
2.83683
3.66554
3.38943
3.80386
4.79884
3.62772
2.27321
3.23418
3.42987
3.10135
3.1033
3.2969
3.80448
3.33137
3.11464
3.16068
3.70713
3.89283
3.65871
3.81534
4.11719
4.74645
3.74532
4.16416
4.03877
3.55421
3.49214
2.60139
2.56433
3.34776
3.70967
3.63913
3.67927
2.81528
3.27171
4.35277
1.80306
2.37034
2.63908
3.63425
2.74793
3.96724
2.83074
3.61203
3.98829
3.99009
3.81752
3.61151
3.51582
2.76363
3.2257
2.79231
2.01126
3.13694
2.47136
3.18756
3.45599
3.67837
3.38347
3.64804
3.22578
3.73935
4.29633
3.2551
2.7674
3.60407
3.684
2.49732
2.79466
3.17683
3.63665
3.35178
3.27942
3.58685
3.42924
3.39159
3.72514
3.69937
3.9572
3.21582
2.17185
3.18553
2.08364
4.07515
3.32684
4.12052
1.52815
3.90933
3.02925
3.97082
3.00573
2.78735
1.87142
3.15628
4.4571
3.26188
2.51676
2.80743
4.31108
4.08442
3.38845
2.01176
3.06184
4.08937
3.78338
3.59885
2.56
3.07285
4.02914
3.91729
2.66198
3.45817
3.42675
3.92583
3.95287
4.40297
4.15548
3.81278
2.93986
3.35178
2.67114
3.85961
2.39695
2.66969
3.36738
3.9616
3.39836
3.54509
4.44606
4.58042
3.36243
3.74809
3.33852
3.11012
3.30458
3.94518
3.87851
3.7527
3.09477
3.33893
2.8751
2.12643
3.72766
4.0957
3.94754
3.36658
3.3683
2.86044
2.4222
3.94511
3.34354
3.53531
3.03545
3.68799
3.38764
3.92756
3.97694
4.52403
2.98264
3.24462
2.97644
3.72838
3.7434
1.8462
4.06942
4.32878
3.96824
1.71012
2.45272
3.36005
3.1685
4.66025
3.64527
3.28913
3.69537
3.39517
3.91637
3.85672
4.03914
3.97088
1.99379
3.9578
3.60459
3.54951
3.37436
2.1612
3.42582
4.01731
3.3633
3.271
4.24819
4.25035
3.8274
3.32229
2.94527
4.55383
2.70003
2.82062
3.30916
4.50121
2.44603
3.96416
3.62214
3.29711
2.75535
4.43947
3.77729
4.51696
3.67183
4.29616
3.38372
3.45492
3.37102
3.43058
3.743
4.22863
4.12975
3.7062
4.28058
4.17231
2.70466
3.05678
3.66243
3.81584
3.62778
2.27731
3.10509
2.40383
4.54022
3.35951
3.35866
2.52123
3.94841
3.86804
3.25572
3.53218
4.52751
4.45614
3.03097
4.09252
4.06787
2.77527
3.99277
3.09303
4.14704
1.73257
4.36793
4.43921
3.12038
4.01682
3.66791
3.65731
2.05834
4.64406
3.60694
3.48633
3.48324
3.6532
3.8068
4.22482
3.17541
4.23222
4.14703
4.62853
3.65817
3.61122
2.45771
3.52092
4.00981
4.23293
1.93213
2.66194
3.80176
3.74253
3.13431
3.74152
3.38659
1.2422
3.88886
3.90178
4.1461
3.6048
2.98837
3.04929
3.66092
2.40114
4.12881
2.72213
1.41061
3.62237
3.34041
4.13395
3.39091
3.16738
2.64538
3.58832
4.01407
3.42615
4.59712
3.80509
2.77492
2.05598
4.05797
3.7211
3.04937
3.8603
3.34968
3.34207
3.58065
3.23116
4.05998
4.56277
3.99799
2.54876
2.45239
3.78697
1.92147
3.36041
3.2875
3.3365
2.86127
3.06193
2.6816
2.77463
4.13201
4.0789
3.96626
4.29882
3.65413
2.70467
3.94116
3.29831
3.79111
2.39546
3.33448
3.73099
2.6013
2.59319
3.03916
4.07617
4.1989
2.60725
3.50185
4.36692
3.66012
4.0401
4.15787
3.71437
3.85467
2.97832
2.95771
3.7222
1.70151
1.96855
2.82175
3.86185
2.89289
3.63192
2.43994
2.66124
3.36726
2.78303
3.84726
4.44421
3.02211
4.21146
3.8385
3.14657
2.36341
2.8284
3.43326
3.6686
3.39372
4.41075
3.80166
3.06867
3.0892
3.62474
2.8184
3.6514
3.07116
2.83853
3.68653
3.5561
3.41064
3.26982
2.81994
4.70227
4.09236
3.7686
2.95143
4.35344
3.18671
3.31052
2.85909
3.66202
3.03197
3.67089
3.55575
3.28733
3.14029
3.90058
3.04378
4.06151
2.74045
4.2255
3.52239
4.1529
2.36424
2.66896
4.28986
3.60037
3.47285
3.74894
3.52115
2.73739
3.56926
4.48099
2.85417
3.85405
4.45143
3.09002
3.08169
2.45742
3.20146
3.96121
3.46936
3.83229
3.85266
2.63673
2.59982
2.92639
4.02418
2.59246
4.14989
3.64827
3.63732
4.04649
3.29207
3.23429
3.77277
4.04253
3.16283
2.64271
4.48709
1.85689
3.04098
3.25554
2.87245
3.7048
3.6243
2.40141
4.24653
2.23053
2.90344
3.83655
3.82867
3.18871
3.60507
3.85674
2.32897
3.88726
3.04939
3.74259
3.29912
2.49139
3.94348
3.74531
3.3693
2.73294
4.23358
3.17817
3.97803
3.49764
3.90637
3.70274
1.64584
2.34028
3.02665
3.92277
4.05341
3.32215
3.12546
4.80317
3.29477
4.22363
3.32684
3.95264
3.66569
3.55954
1.71679
3.42361
3.56314
2.74781
3.49621
3.16832
3.11993
3.57557
2.43822
4.04647
4.20183
3.88953
3.76413
3.47979
3.15182
3.51233
3.68152
3.09117
4.30471
3.74177
2.84286
1.98742
1.8022
2.97026
4.14307
3.60878
3.37127
3.1824
3.34738
4.40076
3.64392
3.43343
3.92423
3.7266
3.11757
3.12571
2.83781
2.8796
4.24083
4.37973
3.01514
3.86707
2.88196
4.24161
2.22299
3.60358
3.10526
3.65534
3.72051
3.36398
3.88893
3.0642
4.04235
2.88906
3.80745
3.46476
3.10345
2.18967
3.45244
1.5716
3.30462
2.05058
4.01782
3.90816
2.93017
3.71415
2.99939
3.90395
3.63493
2.32344
3.39185
3.87587
4.04888
4.12708
4.21808
4.24699
3.64444
1.98077
3.24417
1.95246
3.52606
3.54721
3.90718
2.98007
4.29978
3.65176
3.20958
3.26108
4.11233
3.86831
3.69323
4.40979
3.71484
3.47498
3.72887
3.57103
3.45634
3.8906
4.32155
3.3478
3.75731
3.89901
3.86749
2.70248
3.29045
3.06773
4.54777
3.93516
4.4203
3.33455
3.73657
2.09368
3.66026
2.44291
3.96733
4.30281
3.8328
3.43781
3.68088
3.50328
2.56389
3.26036
2.64981
3.71606
3.26909
2.81922
2.87053
2.77085
3.08399
2.40576
2.71316
3.49701
3.42467
2.31543
3.82098
4.48965
2.74969
2.90616
3.99218
4.1064
2.0204
3.68511
3.92227
3.97984
3.9022
1.85464
3.38658
4.11879
2.89247
1.78157
3.12221
4.60785
3.22667
3.97429
2.79374
4.92668
3.79368
3.18275
3.6671
3.1667
4.24471
3.5357
4.30424
2.66694
3.87199
4.22897
3.21368
2.69159
3.77496
3.08515
3.70684
3.65563
3.82266
3.96976
2.91757
3.77165
3.00278
2.09608
4.3637
2.93936
2.87687
2.01494
2.89679
2.58553
2.14336
3.15129
3.76348
3.93442
3.71117
3.08595
2.85533
4.30951
3.83317
2.23554
3.0736
3.1011
3.36008
3.0571
3.74067
4.59459
3.40712
3.28237
4.58348
1.92444
3.85771
2.74082
2.91873
3.45582
3.52586
2.74932
2.56069
2.72922
3.8191
3.59881
1.91788
4.15997
3.14769
3.9684
3.9787
3.19419
3.7819
2.99316
3.22305
3.64541
2.4304
3.6467
4.34489
3.95813
3.46804
3.9261
3.35769
3.55571
3.53634
3.38628
3.24158
3.52891
3.72533
3.85159
3.41604
3.77964
2.78041
3.43489
4.20747
3.81838
3.3317
3.86513
2.04655
3.07688
3.88828
3.58001
3.7103
3.04281
2.21753
3.72429
4.04954
2.58916
2.80652
3.31882
2.65168
4.23537
2.06017
2.71018
2.97462
3.00574
3.32601
2.76596
4.57326
3.52419
2.75512
2.92124
3.73096
2.83168
3.04993
3.08261
3.96837
4.02951
3.30548
1.9941
2.33031
2.77219
4.1369
3.36916
3.38409
4.14668
3.44183
2.75643
3.97185
3.57667
3.58516
4.17155
2.97907
3.69082
4.14531
2.95876
2.89954
3.83384
3.99133
3.78565
3.64535
2.28338
2.78385
2.81777
3.64205
3.68425
3.66857
4.02673
4.35918
3.05546
3.35862
3.84946
2.50482
2.80859
3.08546
2.48633
3.64232
4.16617
2.04587
3.6021
3.48492
4.06714
3.12411
2.70008
3.8927
4.03877
2.68174
3.0929
3.75821
3.62182
3.7499
4.14098
4.63564
3.51148
3.26947
3.22325
3.39435
1.7905
3.77893
2.43397
2.38326
4.35602
3.74722
3.38285
2.93678
1.53534
3.43158
2.69544
2.39113
3.665
3.63881
4.22565
3.21034
2.14829
2.68247
4.25412
4.13792
3.44079
2.14811
3.15412
4.14704
3.06388
4.2178
3.53129
3.65942
2.50401
3.38267
3.32363
2.27063
3.75833
3.35297
3.90097
3.87759
2.36253
4.17727
2.79958
4.15689
3.14662
3.92607
3.244
3.368
3.37704
3.24009
3.2135
3.76033
4.31138
3.38335
2.17732
2.86776
2.18357
3.29291
3.43902
3.71147
4.27007
3.26014
3.95261
3.51504
2.78692
4.03632
3.734
4.22615
4.61996
3.45056
3.62071
3.02982
2.54371
3.81198
3.77696
3.62338
3.32995
3.82465
3.90868
3.36764
3.37677
3.35469
3.91604
2.53199
3.72129
1.62301
3.52238
3.21811
2.48259
4.15997
3.22171
3.40516
2.05295
2.78561
3.71044
4.50024
2.62193
2.11432
3.95476
2.72872
3.73547
2.7404
2.5536
4.56279
2.93182
4.50713
2.05166
3.58072
3.73218
2.83243
3.13186
2.93962
2.58073
3.26526
3.72637
4.39895
3.57182
3.19485
3.55706
4.09962
3.21568
3.37294
3.24691
3.30204
3.45074
4.06771
3.61228
2.93915
1.28743
3.47039
2.95378
4.21316
4.12812
2.13559
4.46492
2.7744
4.13677
3.35042
4.10755
3.70293
3.193
4.25165
4.22903
2.65359
4.0137
3.68373
4.25139
2.83601
4.29528
2.76941
3.88025
3.07367
4.13
2.93738
3.08469
3.21567
4.08617
3.9398
2.56892
3.25565
3.37009
4.32289
2.95489
2.9913
3.54997
2.98471
3.59647
3.30515
2.68664
3.04087
3.69195
3.90098
3.64129
3.53718
4.4215
3.56339
3.27056
4.10503
3.68048
4.45802
4.29329
4.38064
3.75144
2.43351
3.42771
3.33119
3.54165
3.36796
3.76079
4.01623
4.09422
3.81829
4.20054
3.87633
3.61003
2.43641
3.81968
3.27511
4.03923
4.21387
3.73334
3.23769
4.14307
3.49074
3.31281
2.82134
2.89206
3.4309
4.12777
3.33163
3.30749
3.20174
2.11459
3.71192
2.84196
3.82925
3.0109
3.83696
3.85187
2.74121
2.49299
4.23281
4.07135
4.21985
2.34467
3.63129
3.90642
3.39418
4.52965
4.27571
3.8282
2.80163
3.8735
3.83756
3.81906
2.50644
4.76569
3.05178
2.59535
3.38967
3.54313
3.36899
4.03763
4.70689
4.19321
3.58002
3.56187
2.25944
3.85802
3.57032
2.67181
3.85302
3.87031
3.58438
3.38569
3.75607
3.61341
3.92809
3.99771
2.40932
3.63663
3.24254
2.11254
3.08219
3.03229
4.24724
3.14424
2.8974
3.60982
3.23149
2.40251
3.49952
3.41406
3.82641
3.50162
3.14685
4.54417
4.18842
3.93874
4.15814
3.54707
3.03572
3.19672
3.52269
3.32371
3.16616
2.73258
3.09354
2.84137
3.35387
2.41082
3.13438
3.18202
3.83175
1.77192
4.04007
3.47615
3.64101
2.70774
3.67994
3.02635
3.18134
3.92041
2.66894
3.11467
3.38999
2.47853
3.77132
2.51296
4.64718
3.5753
3.23853
3.64644
2.98311
3.53804
3.52468
4.39244
2.68932
2.42432
4.38391
3.66495
2.96903
3.04044
3.31265
3.63995
3.54513
4.16314
4.11749
3.86334
4.24027
1.69401
4.06131
3.62476
3.34066
2.52947
3.64334
2.94073
2.30898
3.41025
3.27856
2.64313
2.98901
4.54506
4.26897
2.79843
2.1487
2.2837
2.92401
4.06143
2.91465
3.15906
4.02836
2.63876
3.07615
3.38124
3.26127
3.52397
3.82729
3.62661
4.38025
3.43092
3.3585
3.02629
3.06044
3.81186
2.50655
4.02818
3.34977
3.18016
3.64248
2.80035
2.92304
2.42023
3.54405
4.13261
2.99968
4.00279
4.01602
4.48403
3.61079
4.30973
3.71925
2.99331
2.18881
3.12856
3.35267
2.50271
3.1447
3.84389
3.54115
3.64147
3.85163
2.68348
3.06666
4.28852
3.64611
3.80806
2.96427
3.93269
3.02613
3.74576
3.21535
3.00815
4.11638
3.22476
3.3027
3.88329
3.782
3.14753
3.17029
3.02697
4.15537
3.78832
4.12649
3.97409
3.08147
4.69568
3.10233
4.41652
3.3302
3.44866
3.86244
2.7478
3.00291
3.90584
2.71154
2.13535
3.50999
3.11795
2.70333
3.82063
4.31617
3.25195
4.16348
3.53366
3.23432
3.138
3.35448
3.99654
4.42743
4.49567
2.94567
3.41857
3.75426
3.73562
2.95216
3.77914
4.0775
2.34365
4.8382
4.17872
3.25201
3.86332
2.89525
3.39912
3.59175
3.50911
2.68485
3.06553
3.21061
4.11951
3.79353
3.31859
3.02537
3.62442
2.03033
3.03973
3.25936
2.4433
2.46661
3.79974
4.16637
3.41309
3.79319
3.79883
3.25393
3.63549
3.81254
2.82818
2.67852
3.8074
3.74103
4.55355
3.53496
3.50888
4.13954
4.35812
3.26573
2.93984
2.55112
3.12341
3.59357
2.9235
3.53903
3.8612
3.78602
3.79102
3.61853
3.83931
4.00294
2.13962
3.63911
3.9003
2.74333
3.48853
4.71992
2.55556
3.68249
4.02471
3.36373
2.22907
2.69774
3.93203
4.19795
4.81261
4.47769
2.31942
3.42918
4.27577
3.76565
3.99283
4.60309
2.58265
3.0262
2.96423
3.29248
3.32077
2.61905
4.1912
3.52218
4.46992
3.18531
3.72688
3.65056
3.91893
3.47974
3.5415
3.01527
4.12396
3.66144
2.84649
2.63
3.21544
1.77086
3.30047
3.49609
2.99669
2.06357
4.05582
2.56431
3.96727
3.91495
3.34589
3.65211
3.45285
3.12452
3.71219
3.85807
3.53454
2.94138
2.56161
3.30532
3.93773
3.01839
2.40528
4.47506
4.40974
4.03974
2.77113
4.36272
4.4333
2.8636
3.9488
3.06275
2.25253
2.88099
4.05912
3.9035
2.13689
2.84759
3.42205
2.65474
3.02389
3.93432
3.71515
2.78672
4.42356
4.26878
3.94899
3.9502
3.30023
3.26715
3.12918
4.37319
3.06022
3.1547
2.22127
3.2542
3.15239
4.01866
4.7757
3.79997
2.35516
4.06095
2.95886
4.04382
4.46525
3.71348
3.03246
3.82345
3.32228
2.28157
3.98439
3.51396
3.69911
3.12624
3.81
3.40736
4.53375
4.35333
3.62121
4.00315
3.97194
3.26057
2.5465
4.35816
3.27185
4.02296
2.93291
3.99808
3.59214
4.56753
4.13342
2.55389
4.68742
3.10802
4.18613
2.78475
3.02353
4.0134
4.09698
3.20844
2.82794
3.59887
3.82495
3.84631
3.8771
3.6922
2.81109
3.71032
2.33999
3.13072
4.07262
2.65823
3.6317
3.76963
4.54473
3.47732
3.59955
2.57115
2.15268
2.53696
3.40258
2.81086
4.35974
3.80463
3.66117
2.52528
2.31486
3.51908
2.84301
2.48911
2.56077
2.09148
4.74242
4.19681
2.55649
3.8202
3.58253
2.80528
4.4852
2.6788
3.7695
3.46951
4.78449
2.44061
3.10936
3.48839
3.41576
2.71569
3.30643
3.94185
3.98013
3.73949
3.80881
3.8715
3.49211
2.39382
3.43575
2.86726
3.3273
3.12838
3.37495
3.62324
2.85072
3.70305
2.89578
3.45715
4.11431
3.59333
3.38001
3.34301
1.79139
2.87641
3.84881
2.705
2.57752
3.15862
3.39938
3.94969
3.52688
3.22896
3.42711
2.81992
2.54561
4.24834
4.32504
2.95758
4.20717
4.00287
3.76626
3.12128
3.07137
2.90515
3.39925
4.60833
2.75953
3.6623
3.02886
4.70704
4.49934
4.5023
2.97304
2.75326
3.88403
3.59392
1.70255
2.59934
3.02929
3.4435
3.14334
2.82285
3.02201
3.5124
3.61516
3.96698
2.7839
1.95577
3.94212
3.26559
4.1906
2.80291
3.05725
2.62918
4.29316
4.09847
2.4951
3.48887
3.18232
3.70183
3.44876
3.90475
3.11636
3.81184
4.07966
3.46902
2.74907
3.77846
2.69329
3.8011
3.71496
3.46409
3.51583
3.71542
3.1993
4.3112
2.55374
3.91571
1.7228
3.87296
4.41858
3.17276
3.24996
3.32606
3.54775
3.1142
3.91926
2.68346
3.91559
3.30487
4.42276
4.00002
4.16254
3.72008
4.03217
2.53357
4.33649
3.89045
2.30905
3.22568
2.52666
4.302
3.31262
3.91534
3.28907
2.40415
3.5881
3.66284
2.44158
1.26845
3.5569
3.97245
3.28095
3.12495
3.94876
3.8032
2.84584
4.46846
2.95067
3.64906
4.23778
4.07188
3.6517
4.24284
2.78174
3.79179
1.59949
4.48025
3.26597
3.69613
3.08995
4.07288
3.07856
3.55406
2.38127
2.07812
3.61824
3.41066
3.98063
2.95169
3.64689
4.25017
3.32763
4.0076
3.13222
2.63748
4.09961
3.172
4.25514
4.4784
1.97817
3.05239
3.03903
2.65963
3.05982
4.1004
3.35203
2.44821
3.89547
4.32907
3.73048
3.15783
4.01502
4.76493
3.59742
3.75322
4.21785
4.02125
3.29923
4.52628
3.84128
2.99554
3.41586
3.77311
2.69528
2.92903
4.12115
2.6652
3.78702
3.95295
2.80946
4.14827
4.29897
3.95436
3.2505
2.93357
2.91752
1.94113
3.71316
3.38814
3.44371
4.22219
4.25852
3.74277
2.80335
3.46577
3.82541
2.53473
4.1399
3.6259
4.00088
3.3447
3.52823
2.99582
3.18265
2.55803
2.40018
4.41398
3.36698
2.94178
4.05835
3.56203
4.36353
3.42529
2.34139
3.10901
2.66428
3.03197
3.23753
3.79476
2.92207
2.24405
4.08456
3.62691
4.06695
3.8684
4.1275
4.14113
2.78355
3.48981
3.96302
3.09531
2.92787
3.73503
4.17606
2.16156
3.46351
3.29289
3.7559
4.14229
4.24579
3.24613
2.94875
2.76714
3.73414
2.52985
3.62695
3.95017
2.26036
3.76096
3.13008
3.38961
3.89226
3.30476
3.41028
4.4676
3.379
3.52253
2.92714
4.36354
3.29359
3.99825
2.50386
3.91499
3.56605
2.86017
3.27918
2.62021
3.48094
2.99576
2.87189
4.41074
4.04799
4.12528
3.86885
3.91712
2.78049
3.36791
2.83036
3.01392
4.13194
3.94003
3.72033
4.50518
3.43252
3.551
2.73614
2.40156
3.98632
3.45892
3.76224
4.0251
3.85436
4.17501
3.4201
2.91952
3.0378
2.69472
4.03042
3.11997
4.26826
3.91724
3.14278
2.69027
3.19122
3.56706
3.91911
3.31372
2.1729
3.30475
3.09039
3.07946
3.18847
4.37718
3.32197
2.52731
2.61912
4.04117
4.64396
1.56742
4.42379
3.57609
3.34303
3.21771
2.49628
3.96338
1.9114
3.16628
3.15645
3.12504
3.54071
3.59241
3.63134
2.7054
4.05355
3.3855
3.87049
3.36551
3.17473
4.5877
2.59956
2.38651
4.08916
4.36657
3.31286
2.85293
2.48418
3.2108
3.56793
3.48494
3.16288
3.33269
3.29362
3.77507
3.41734
3.52524
4.20441
3.42312
3.56763
3.50435
2.15716
3.84485
4.39971
1.83952
3.93675
3.44916
3.70142
3.61021
3.51697
3.63478
3.45061
4.53293
3.15497
2.38018
3.32048
3.79864
3.17978
3.6968
3.11872
2.67725
3.80652
3.95183
3.69773
3.13705
3.72112
3.66882
4.07032
2.36793
4.16302
2.95326
3.20274
3.17808
2.53349
3.94601
2.53606
3.56953
3.34797
2.6175
2.13145
2.39792
2.51487
3.43252
3.73994
4.00511
3.42482
3.46586
4.01675
3.57982
3.43103
2.82728
4.11724
3.75324
3.4597
3.67928
2.36076
3.69586
3.59547
3.74418
3.09415
2.95543
4.01066
3.94946
3.9674
3.54978
3.9708
2.255
2.97354
3.20855
4.18763
3.68754
3.62662
4.04221
3.53078
4.62147
3.23639
3.76
2.86456
4.20062
3.64715
3.70679
3.99003
3.49111
3.27955
3.13942
2.72176
2.59875
2.94574
2.90456
3.5311
3.22806
4.26334
2.82895
3.98956
3.67587
4.26493
3.18797
3.95059
4.05901
2.89357
3.17168
3.46353
3.38122
3.34426
2.94537
3.65937
4.22777
3.1527
3.47564
3.18989
2.63406
3.95075
3.42886
2.38821
2.43721
3.4191
4.08718
4.20678
3.69557
3.00795
3.02446
3.86904
4.00607
3.96602
2.9078
3.61411
2.9616
3.92866
3.16788
4.05321
3.09587
3.2936
3.00199
3.11054
3.56268
1.20458
3.27041
3.23766
2.82231
4.04908
3.65998
3.82144
3.31303
3.70457
4.23567
2.29456
3.35509
3.53557
2.74201
3.60437
3.06206
3.63798
3.13636
4.25113
2.80147
3.33807
2.38621
3.83899
3.37523
3.17576
4.01753
3.63786
3.40892
3.39315
3.48635
4.09042
3.65319
2.55342
3.71988
1.95289
3.63324
3.5288
3.87686
2.53957
3.4438
3.84793
2.94793
3.60125
2.47913
2.31456
4.03465
4.21464
3.84072
3.34514
4.09991
3.4383
4.32568
2.79831
2.96981
3.44501
3.37045
4.15373
3.20625
3.33329
3.36384
4.30873
3.73277
3.21317
3.96128
3.15862
2.54571
3.85904
4.02674
4.20939
3.23961
3.45614
2.60807
3.59319
3.31083
3.31547
3.74696
2.55185
2.37939
4.15327
3.64563
3.01182
3.88765
2.69193
3.80925
3.62912
3.1322
3.37974
3.76643
3.79866
3.47927
4.05081
4.18268
3.87131
3.89095
1.71388
4.1904
3.11429
3.21256
2.73845
3.4739
3.44086
3.81985
2.99959
3.86708
4.1616
3.80632
3.31054
3.27455
2.89162
3.26501
3.2109
4.15964
3.97428
3.22907
3.80808
4.70248
3.1543
3.58798
4.06359
3.88805
2.26606
3.78066
3.92183
3.10535
3.77693
4.22821
3.76081
4.54505
3.09785
3.35283
3.71812
3.871
2.17767
3.75513
2.84335
2.95118
2.3171
3.74205
3.86646
3.08161
4.15039
3.76412
3.01318
3.47359
4.30289
3.84639
3.12014
3.24988
4.54366
2.41336
2.70644
3.02086
3.59258
4.15216
4.47456
3.80116
3.39022
3.72823
2.63729
4.36183
2.59047
3.88518
3.50494
3.10382
4.08134
3.45923
3.89039
3.07421
3.8207
3.0586
4.53014
4.44708
2.15084
3.46056
3.9941
3.03036
4.20761
3.79583
3.06459
3.24879
3.05132
3.9396
2.10195
3.72943
4.25061
