2.12975
3.09124
2.95943
3.82681
3.70843
4.09076
2.70571
3.85959
4.56892
3.46569
3.59376
4.36941
4.17968
2.59722
4.64926
3.86254
4.59073
3.57742
3.72165
2.10691
3.6094
3.48705
2.30465
2.39263
3.79515
4.17781
3.20989
3.17845
4.32993
3.1637
3.57101
3.07284
4.26524
3.43479
3.07707
2.12461
3.00801
1.70438
3.28552
4.02371
4.43552
3.36244
3.3779
3.8292
3.39436
2.53528
2.74948
3.05271
3.18805
2.50166
3.39575
2.5989
4.27275
3.18048
4.74196
3.18091
3.46147
2.97355
3.4873
3.75223
4.05749
3.04725
3.27941
3.05304
2.71034
3.91129
4.36862
2.78673
2.62686
4.56644
3.60447
4.32776
3.32678
4.43683
3.50087
3.58673
4.30421
3.50329
2.66507
4.07931
3.46075
3.56148
4.35205
3.4472
3.33535
3.93303
4.01667
2.86038
3.98136
3.46506
4.05424
2.99118
3.54496
2.43954
3.07275
3.16579
4.12316
3.22664
3.60708
4.30062
3.54052
2.9909
3.5115
2.70475
4.2139
2.16629
3.5565
3.84909
3.92804
2.07105
3.70999
3.99578
3.18103
4.08155
3.61134
3.3478
4.50083
2.06631
3.24943
3.7069
3.64458
3.67154
3.67096
3.70547
3.50524
3.74983
4.00628
2.7024
4.13464
2.98381
3.78747
2.14491
2.72311
4.15951
4.26538
2.56179
4.9324
3.79886
3.67134
4.40043
4.07419
2.09492
3.18339
3.6291
3.12054
3.27852
2.48807
3.29215
4.10765
4.36264
3.35172
3.08667
2.72424
3.74644
3.23277
2.90602
2.61862
3.01233
3.42963
3.0355
1.74584
3.91869
4.01582
2.77418
3.8832
2.14156
3.81548
3.53546
3.38477
3.22129
3.51805
3.37704
3.48509
2.45103
4.2112
3.81013
3.60561
3.63348
3.56045
3.4498
3.75706
3.26426
2.39606
2.05768
3.24878
3.40856
3.22329
3.24373
3.61583
3.82712
3.93387
3.15101
4.07317
3.24286
3.99947
3.11756
3.37504
3.62237
3.34756
3.70251
3.38288
3.38385
2.06136
3.89973
3.35889
4.14482
4.34163
4.74376
3.59051
2.31286
4.65876
3.08362
3.63505
2.3893
3.00266
3.51193
2.55608
3.68556
3.94701
3.90754
3.67029
2.70683
3.00497
4.60738
3.1651
3.78847
4.32266
3.69091
4.26359
2.26449
2.13383
3.92526
3.93062
3.54507
3.45816
3.51864
4.58448
2.97522
4.28144
3.02494
3.77236
3.7241
4.32861
4.20602
4.08851
3.46371
4.54425
4.39367
3.58729
4.23078
4.23155
3.69794
4.30832
3.75124
1.37656
2.60599
4.00779
3.84073
4.05658
4.2593
3.32117
3.54444
3.39553
3.21389
3.83046
4.3671
3.79651
3.69655
3.46896
3.97937
3.44992
3.31344
3.62997
4.42187
2.32496
3.09142
4.63155
4.02722
3.37461
3.51193
3.00303
3.51082
3.73166
3.97254
3.6681
4.15031
3.20941
3.60605
3.18671
4.01674
4.5812
3.61194
4.26011
2.89992
3.36978
2.35214
3.82429
4.36548
2.53168
2.81959
4.25689
3.125
3.80626
4.30158
4.02334
3.9518
2.32076
2.5965
3.83214
3.69187
3.7809
3.57683
3.52772
4.33404
3.86981
2.87233
3.92691
2.65958
3.8825
3.81608
3.76633
4.27837
4.03804
3.57717
3.77693
2.25367
3.57166
3.06062
2.92657
3.46389
3.42312
3.39261
3.05957
4.1181
3.11026
2.8948
2.76454
3.39455
4.60109
4.25475
2.96222
4.15994
3.39915
4.31808
2.91866
2.67233
3.21166
3.36431
2.65081
3.56266
2.80963
4.59509
3.20322
3.71241
2.38643
4.35993
3.94701
2.78742
3.4677
4.06396
1.47103
3.97438
4.42888
3.38251
3.15477
3.27119
4.01639
2.89545
2.87391
3.20067
2.85597
2.9338
4.36361
2.1278
3.36888
3.2906
3.74106
3.75333
3.90561
3.82322
3.61295
3.20728
2.97107
4.17428
4.28237
2.82602
3.55019
3.76617
2.82727
3.92194
3.99698
4.36073
3.98726
3.23155
2.80954
3.69275
4.14744
3.1931
3.55731
3.20628
3.06411
3.39392
4.28919
3.49629
3.65519
3.59784
3.24597
3.06396
3.54452
3.97776
3.88714
3.53367
2.64214
2.90402
2.66846
3.49988
3.32334
3.34283
3.88162
2.1009
2.55587
2.8455
3.87344
3.21591
3.44035
4.50124
3.71272
2.13638
2.87495
3.55684
2.04053
4.18776
3.72451
3.05238
3.90648
3.88029
4.7693
3.62287
2.27437
2.81453
3.02835
3.03443
3.21633
2.38448
4.12877
3.5244
2.68486
3.55354
2.62816
3.81146
3.76617
4.13354
4.02293
4.38222
4.05882
3.16725
3.8484
2.04572
3.58552
2.14037
4.23865
3.66495
2.69484
3.22296
3.11293
3.82131
3.99095
3.64728
3.4241
3.58609
3.78323
2.44138
2.7351
4.15647
4.18153
4.01984
4.25504
3.84628
2.67092
2.71506
4.43123
3.743
3.84513
3.68523
3.72521
3.74692
3.01874
3.29107
3.05521
3.7028
3.41853
4.26633
3.65541
2.91316
1.699
3.45505
4.33511
3.62813
3.99842
2.18201
4.20459
2.37341
3.67189
1.75639
3.75485
4.34808
2.76277
4.15066
2.31696
3.62893
2.39181
3.31018
4.24763
3.79352
3.97497
3.67331
4.10202
3.78181
3.25063
4.14324
2.60164
2.27382
3.51197
2.98134
4.11332
3.07954
4.38108
2.8889
2.03589
2.13094
2.3071
3.66784
3.6942
3.74944
3.19261
3.66948
4.60035
4.20238
3.27283
4.06595
3.43009
2.98379
4.14561
3.44582
3.71995
3.33382
3.32287
3.88294
2.08342
3.73292
3.40944
4.01273
3.30497
3.8601
3.2136
3.5171
4.20392
3.76156
3.37664
4.15513
3.94662
3.48741
2.22598
3.54456
2.20443
3.74506
4.31793
3.09904
3.06658
3.40931
3.34143
2.92878
4.25458
3.4976
4.06965
3.20144
3.59619
2.77158
4.2775
3.13075
4.1548
3.97581
3.82433
3.65803
2.71066
3.58643
3.89352
4.09545
3.12698
3.38522
3.5929
4.57777
3.41148
3.53517
3.86316
4.47807
4.38325
4.01257
3.32273
3.61935
4.18589
3.03888
3.16563
3.4572
4.44219
3.48143
4.32016
3.82342
3.22402
3.34354
3.26203
2.85319
3.74113
2.44898
3.68171
4.73748
2.82327
2.98551
3.12724
2.01463
4.17086
3.58722
4.75864
3.23248
4.48908
3.35499
3.68273
3.44128
3.93458
3.36765
3.45645
4.07341
3.33414
4.21473
2.70856
2.09401
4.10913
1.26843
4.33705
3.31348
3.41374
3.77834
3.29925
3.93348
4.03797
3.77228
3.5568
4.01653
3.28605
2.64482
4.18975
2.90429
4.26374
3.38183
4.46315
4.3054
1.94433
3.22489
3.18329
2.19839
2.86888
3.56812
3.57376
3.98901
2.45531
3.18307
4.58851
3.13223
1.95911
2.95794
3.94531
4.22811
4.73869
1.9703
3.68772
3.71396
2.84869
2.89736
3.55131
4.14878
3.24618
3.06026
4.17269
3.25849
3.16815
3.28257
3.13558
3.69081
4.136
3.32432
3.52755
3.59719
3.90136
4.09508
3.54887
3.6037
4.13686
3.26013
4.25744
2.81562
3.69752
3.75756
2.951
2.90736
4.0078
3.1779
4.39978
3.97694
4.26079
3.71293
2.91321
3.56913
2.87993
3.88402
3.0409
2.82882
3.16624
3.56722
3.09632
3.4613
4.24161
4.4252
3.64901
3.20601
3.62955
3.66447
4.23367
3.20736
3.42436
2.72943
4.51847
3.25822
2.2866
3.24249
3.84677
2.10326
3.57166
2.93997
3.14855
4.07596
4.1134
3.37622
3.1421
4.34042
3.63354
3.48107
3.32767
1.82016
3.04188
3.66139
3.59795
3.28767
2.95373
4.24668
3.83827
3.59847
3.76647
4.04697
3.48134
2.47121
4.02344
3.34929
2.12144
3.45524
4.41849
3.17081
4.49116
3.00188
3.03998
2.81453
3.71547
4.18476
3.81547
2.68705
3.2146
4.33797
3.31381
4.17743
2.47591
4.3559
3.28331
4.56144
3.86876
3.96243
3.95354
3.15042
3.18309
3.55954
4.00191
3.59199
3.51257
3.9801
3.72209
2.98791
2.76459
3.74375
3.8241
3.30819
3.1433
3.76336
4.14276
3.73022
2.39712
2.60988
3.84922
2.88295
3.70125
2.95199
3.49607
3.8114
3.9218
2.19817
1.83185
4.12999
4.0483
3.27601
4.13651
4.09642
3.42607
2.68259
3.6159
3.4186
2.3631
3.56794
3.29052
4.5902
2.9169
3.80933
3.34332
3.48398
2.84736
4.28753
3.41346
2.67225
3.29801
4.21288
2.41576
3.93473
3.35598
4.84662
4.26784
3.16056
3.44122
3.6999
2.64262
4.19205
2.76829
3.75345
3.59591
3.08804
2.1403
3.13138
2.92135
3.0829
4.47775
3.05538
3.27795
3.15781
2.63276
2.3174
3.04893
4.26039
4.19755
4.07897
2.71101
3.5068
3.55774
3.70338
4.38294
2.70041
3.8062
3.37075
3.00271
3.78449
2.17765
3.56026
3.03447
2.87768
3.90775
2.53732
2.9534
2.46458
4.05652
3.97799
2.8577
2.71059
3.55718
2.99929
3.62534
3.99611
2.19974
2.74685
3.86869
2.82414
3.81711
2.8229
3.67024
3.63319
1.60939
3.56784
4.09237
4.47364
1.81701
2.91521
4.8623
2.8031
3.90034
3.41856
3.75969
2.55538
2.77606
3.5789
4.3321
3.63532
3.05843
2.56384
3.49058
4.45063
3.83441
3.34501
3.22807
4.00959
2.96169
3.4042
3.7792
2.06314
3.84746
2.70209
2.99014
2.69991
4.16855
3.72076
3.76351
4.03178
2.46594
3.09616
3.60846
3.33866
2.68954
2.55333
2.84485
3.57659
2.69267
1.90949
3.35092
3.2791
3.41023
3.14677
3.87177
3.86734
3.75963
4.74058
3.13366
3.32283
3.29995
4.27624
3.34568
3.18263
3.235
3.90047
3.21332
2.56709
3.38255
3.36342
3.39442
3.11697
2.71244
2.99784
2.72738
2.42784
3.60462
3.90544
4.44522
3.89103
4.06459
3.17378
3.69445
3.25496
3.31046
3.34151
3.16037
2.11549
4.04644
3.98125
3.46411
3.45403
3.73784
3.87499
3.70495
4.87554
1.67793
2.78055
2.22013
3.54365
3.50408
4.11049
2.98736
4.20424
3.44301
4.17263
3.68843
2.51896
2.55193
2.77769
3.31067
3.62976
3.46682
3.63246
4.2332
3.5078
4.66451
3.89795
3.27214
3.68357
2.54783
4.1219
3.56703
4.26811
3.93279
3.6217
4.41071
4.20423
2.18272
2.45397
3.87826
2.01606
3.91014
3.53843
3.01349
4.41404
4.02342
2.37476
4.43237
3.43023
4.14414
4.10556
4.69739
4.49855
3.87161
4.809
4.38575
3.55228
3.07611
3.48195
1.61649
3.4451
2.79472
3.32041
4.08797
3.18391
3.93314
2.85899
3.71249
4.33775
2.60901
2.99615
3.00254
4.14053
4.00861
4.26959
4.77354
4.04595
3.97321
2.59797
3.42619
3.8401
3.57594
2.3577
4.32981
3.60747
2.79481
2.74561
3.78198
2.57816
3.78466
3.49474
2.67946
3.98154
2.88932
3.48977
3.54751
3.6251
4.05783
3.45993
3.82441
3.97712
3.5836
3.4175
3.31391
3.49367
3.04229
3.46825
3.24909
3.51953
2.73293
3.21909
3.40068
4.13287
2.85664
3.48886
3.4268
3.64173
3.66092
3.00882
3.99626
2.2938
3.93024
3.22389
3.78683
3.45911
4.24147
4.18464
4.31356
3.93557
3.72595
3.85263
3.27464
3.58531
2.53907
2.47077
4.57834
3.29178
4.5456
2.17679
4.87584
3.86268
3.5482
2.79469
2.61289
3.30954
2.8265
4.58055
4.07388
3.71196
3.43581
2.87817
3.52234
4.45643
3.89277
3.93192
4.54205
3.83334
2.9059
3.56533
3.11855
3.48149
2.74691
3.03381
3.80759
3.31307
3.48332
3.739
3.81368
4.07384
3.56329
2.89747
3.28558
2.52292
3.11737
2.21132
4.14696
3.72007
3.42854
2.24352
2.66863
3.73634
2.75328
4.7604
3.75251
2.87222
3.79629
2.88993
3.82018
4.22706
4.07127
3.46762
3.74572
4.38444
2.7037
3.68381
3.41849
3.64469
3.62203
3.74945
3.75162
2.68927
4.35705
4.21693
3.58282
3.90565
3.51844
2.96138
3.45907
3.16163
4.18489
3.59169
3.01937
3.48646
2.85777
3.4717
4.10383
3.33027
4.00403
3.28726
2.47973
4.1632
2.31279
3.64108
4.26648
4.18402
2.78153
3.61304
4.10219
3.30423
2.926
3.52815
3.46034
4.6593
4.09388
2.85444
3.75325
3.13519
2.85217
1.56004
4.12883
3.49855
3.919
3.67596
4.57398
1.95004
2.36715
4.12812
4.09833
3.39977
2.05725
3.44982
3.49831
4.12512
3.94622
3.45696
3.61195
3.66617
3.80565
3.4259
3.0331
2.91746
4.12869
3.38352
3.69198
3.46477
3.78903
3.82773
2.51375
3.65209
3.96934
4.14684
3.6382
4.65067
3.82496
3.76566
2.47617
2.95447
1.85621
3.32193
3.40358
2.38677
3.39194
2.96237
3.59754
3.45728
3.71762
3.27003
2.1081
3.68727
3.70456
3.91517
3.80481
3.59029
3.68987
2.96832
4.49758
3.19623
1.92597
3.32361
2.05864
4.20126
4.14237
2.69998
4.19872
3.13081
3.16295
2.8406
3.55975
3.3937
3.20815
3.88047
3.17874
3.03023
4.5867
3.19012
3.77211
3.39641
2.45652
3.91466
3.25167
3.01403
3.02837
2.96437
4.15912
3.05452
3.75778
3.52559
3.56156
1.79498
2.22579
4.02218
3.70684
3.47037
2.63658
3.82885
3.35758
4.476
3.94375
3.52507
4.57579
3.10638
3.23179
3.87053
2.55455
4.0669
3.76629
3.37384
3.23421
2.48493
4.29215
3.16986
3.74374
1.76852
3.44113
3.36759
2.67843
3.57476
3.71806
2.92857
3.81519
3.08366
3.62922
4.5053
2.37883
4.3722
2.30084
2.78548
2.14439
3.67515
4.11294
3.10415
3.90215
2.96701
3.93829
2.92648
4.48925
2.27914
3.84368
2.78795
2.89295
3.79853
2.8915
3.56297
3.80716
2.68721
2.28421
3.55456
3.66713
2.66185
4.23067
2.99375
2.42632
4.35673
2.39315
4.07132
3.14595
2.80889
3.48856
3.838
3.20974
2.90402
3.29072
2.13208
3.50615
4.26456
3.00948
3.34158
3.88598
3.70969
2.11438
3.35132
2.72952
3.04242
3.82986
3.39016
2.38229
3.14771
3.95908
3.70401
3.43565
2.39878
3.38301
3.35548
2.61681
2.30354
3.86099
3.73593
3.41731
3.255
4.07784
3.85108
2.78785
3.76286
3.96015
3.63056
2.3887
3.77156
3.17542
3.83171
4.26633
2.91241
2.74145
3.36503
4.27516
3.56673
2.90983
3.50597
3.40377
3.08048
2.89792
3.6889
2.9707
4.17884
3.93286
3.19476
4.2095
3.92007
4.12371
4.26364
4.11096
3.13421
3.17067
3.23779
3.05234
3.01374
4.46124
3.14609
2.71947
3.23813
2.50002
4.11973
3.41794
4.69519
2.89138
3.99954
1.20398
2.29328
3.61238
2.28161
3.37447
2.61547
3.30318
3.31146
3.6701
4.20436
3.14552
3.34817
3.51378
4.77169
4.06958
3.11703
3.94285
3.85553
3.87256
2.86766
4.54494
4.1374
2.93039
3.85438
2.62482
3.87662
3.92925
3.17053
2.15577
2.64354
2.91848
3.68882
3.03895
3.22644
2.19624
2.89591
2.85133
2.8087
3.82579
3.33755
4.44111
2.48176
4.06007
3.8096
3.74124
1.45378
2.95606
3.08698
2.76038
4.06591
2.67279
3.73687
3.21145
3.73265
3.63237
3.28724
3.31747
2.48072
4.41295
3.32445
3.61581
4.21576
3.76515
2.25801
3.76971
1.69007
3.7713
3.61567
3.76088
2.04763
3.70208
3.83818
3.73232
3.91959
3.69202
3.87703
2.33168
3.72999
2.88761
3.85325
3.51755
3.9775
3.47934
2.92138
3.00232
2.68998
4.20818
3.3063
3.46115
3.70163
2.92163
3.8356
3.06811
3.05917
2.52467
3.18178
3.79133
3.10287
3.00661
3.3326
3.78247
2.74953
3.75495
2.58696
2.88088
3.09786
3.34798
3.51148
3.52562
3.34642
4.44905
2.96489
3.50674
3.8994
3.24113
3.05653
3.31104
2.27385
3.40057
2.74435
3.67591
3.99307
3.98179
3.67648
4.23913
4.37127
3.82617
4.01126
2.5631
4.10511
3.90105
1.286
4.04499
3.17724
2.31907
2.93749
3.77412
3.19487
4.26834
3.03312
3.3228
3.63906
3.62314
3.41355
3.61881
3.68135
1.93849
3.40749
4.05869
2.25245
3.71962
4.09924
3.74582
3.48031
3.51714
3.33581
4.1714
3.20654
4.07028
4.61274
3.58038
4.51172
1.91652
3.51964
3.58951
3.35478
4.29271
4.52418
3.63831
4.0124
3.89349
3.56814
2.59931
3.01711
1.69049
3.82196
3.10997
3.7892
2.46366
4.93952
3.61811
3.60661
2.8455
3.23006
4.21957
3.66264
3.58627
2.297
4.41529
2.93549
2.78734
3.24461
2.4872
3.22016
3.62659
1.64336
3.9989
4.09135
3.92758
3.80051
2.98931
3.37564
3.93482
3.12912
3.31637
3.88257
3.36157
3.1058
4.00746
3.48675
4.54868
3.53781
4.23174
2.74374
4.34102
3.89726
4.29284
2.09969
2.59845
3.6115
2.5841
4.00141
1.68453
2.83319
2.28904
3.52198
2.60936
3.02132
1.63866
4.25806
4.14104
3.1632
2.88352
3.76753
3.69851
3.8804
3.17304
3.2107
3.49986
2.51794
3.08399
3.31094
4.22725
2.97027
3.87895
3.85442
2.71326
2.97857
3.41633
3.8763
3.016
3.53815
2.77485
1.34557
3.78078
3.11041
3.84847
3.23575
4.08762
3.35815
3.95669
4.08503
2.71007
4.12047
3.61622
3.61747
3.61505
2.48195
3.52094
2.95354
3.88203
4.15575
3.79048
4.02198
3.23691
3.60563
3.56508
1.5701
3.83963
3.95446
3.68526
2.35915
2.27611
4.76301
2.55792
4.09658
3.05495
2.9376
4.33877
3.04977
2.69502
3.52208
2.90204
1.99177
3.21393
3.41961
4.37777
3.78057
3.95057
3.01462
3.22076
4.36723
2.86764
3.53433
3.27489
3.69584
3.01615
3.39505
3.39022
3.26263
3.36021
3.20548
3.41158
1.36142
2.29705
4.00427
3.55561
2.79999
3.55654
1.86371
3.86836
4.32433
3.18614
3.33504
2.73601
3.53387
2.54986
3.60989
3.06548
4.27037
3.349
4.35245
4.05067
3.21169
3.95159
3.25217
2.81405
4.08558
3.70034
3.86253
3.7634
4.07317
3.85146
3.94143
4.07762
3.9588
3.82747
4.13596
2.47996
3.60847
2.50238
3.78369
3.56726
4.63171
3.3003
3.91533
3.33374
4.5281
2.87279
3.56564
2.2989
4.48902
3.66875
3.70797
4.05224
3.87723
3.61078
3.34762
1.88944
4.25531
2.56553
3.04918
3.28999
3.19907
2.81558
3.74428
3.5672
4.89007
3.15386
4.07154
2.47465
3.98582
3.13686
3.36589
3.6515
3.48342
2.48386
3.07836
4.05093
2.38997
2.10244
2.85601
4.07753
3.36081
2.13034
3.31226
3.5766
2.98058
3.7732
2.94979
3.99283
3.20259
4.42646
1.46791
4.02251
3.35817
3.46409
3.60007
4.1151
3.20009
4.40037
3.36149
3.93052
4.19119
3.05614
4.72667
2.16174
3.57985
3.72321
3.46063
3.7955
3.99469
3.82332
3.22975
3.00309
2.78004
2.85387
3.9324
2.73742
3.73096
2.76307
2.06536
2.30233
3.38244
4.37996
3.63814
4.30485
2.84042
3.84801
3.58213
3.67205
3.26547
2.67301
3.2442
2.60578
3.88428
3.10329
3.43375
2.19913
3.96795
3.48373
3.18108
4.05648
3.37628
4.14809
3.66836
3.70941
3.35928
3.76222
2.45168
2.80059
2.59374
3.10351
3.31527
3.0535
3.43341
4.13037
3.06292
2.77032
4.24976
3.79262
2.88671
3.67917
3.41878
3.77648
3.04593
3.24959
3.04678
2.9274
2.62879
2.51547
3.15561
3.17489
3.33076
3.18906
2.84756
3.27937
4.43492
4.09499
2.58996
3.7098
4.05243
3.06458
3.77589
4.07919
3.78204
3.3241
4.14749
3.01825
2.8806
3.4401
2.95275
3.70168
3.32957
4.20456
4.24048
3.8072
2.85256
3.26098
3.07979
2.76907
2.87484
3.57911
2.30669
3.14224
4.17016
3.59551
3.82805
4.0578
4.01086
2.7305
2.26297
3.42164
2.3968
4.08522
2.24986
3.4973
1.74542
3.73256
3.42019
3.70292
3.70234
3.41702
3.63356
2.53961
3.77053
3.06966
3.75608
3.18635
3.83704
3.94781
3.87794
4.61861
3.10299
3.06935
3.87658
3.56255
3.6012
4.03714
3.6709
3.56732
2.80568
3.74266
2.42292
3.40635
3.16182
3.80288
2.38157
1.82517
3.2698
4.51918
3.49921
2.70291
4.40596
3.77858
3.96909
2.50637
3.23836
3.65883
3.77592
4.10181
3.45034
2.7351
3.6137
3.56674
1.72363
2.44128
2.46839
2.5815
4.05611
3.51802
3.14939
4.46499
3.82413
3.31519
2.88936
3.64675
3.56011
4.11913
3.35896
3.64666
3.01639
4.64891
4.20963
4.112
2.51487
3.60924
4.24262
3.60254
3.31314
3.04662
2.68261
3.71065
3.43948
3.44252
3.37278
1.7886
2.73942
3.4683
3.52288
3.54095
4.14013
3.68211
2.69828
4.24911
3.91356
3.60802
3.71052
3.95666
3.38652
3.41351
4.31996
2.89354
3.48053
2.00743
3.83166
3.87596
3.05323
4.21594
3.66214
3.38639
3.81074
3.4032
1.45937
2.89064
3.00821
3.44381
2.54434
4.52585
2.44192
3.52282
2.17727
3.63526
2.79186
3.75809
3.37032
3.01261
2.26815
3.16898
4.00075
4.36535
3.52475
4.35273
3.39082
3.38351
3.01809
3.70361
2.99161
2.9718
2.26713
3.67226
3.82918
3.23497
4.25455
3.3743
3.63369
3.61444
3.89231
3.56641
3.78559
3.23738
3.51277
3.76442
4.25535
3.73597
3.73078
3.37541
2.16802
3.98938
3.14416
3.16032
3.50173
3.43061
2.87455
3.48604
2.21016
3.88694
3.95171
3.55974
3.82174
3.58829
4.06515
3.40214
2.79873
4.38249
3.28717
3.50364
3.62929
3.97741
3.33094
4.09403
3.6393
3.86343
4.37526
3.55484
3.72904
2.88375
4.05258
3.6683
4.09253
3.27245
4.24083
3.72185
3.95327
3.99158
3.89504
3.5788
3.76004
4.06541
3.66845
3.81639
2.46642
3.24498
3.50081
2.85355
3.64789
3.56107
3.48667
3.00406
3.35477
4.32028
3.26966
3.43002
3.48694
2.75024
2.69345
4.10458
2.44996
3.06261
4.51714
4.35741
3.18232
3.2359
3.87936
3.80086
3.20289
3.88686
3.69589
3.60433
3.84226
4.03293
3.83707
3.34645
3.89485
3.67369
3.61401
2.81128
4.17017
2.73469
2.95588
3.90188
3.26916
2.33158
3.31183
3.77553
3.75396
3.10883
2.81127
2.61377
3.85864
3.8408
3.38737
4.4463
4.41787
3.49821
3.68871
3.70498
3.17284
3.22567
4.40806
3.79733
3.29505
3.70805
1.94611
3.25295
2.74481
2.56748
2.0178
3.49165
3.96535
3.49561
4.48587
3.06596
3.6506
3.27585
4.02922
3.06541
3.59045
3.56658
4.385
4.69603
3.87458
3.42729
3.30362
2.72827
2.18286
3.1903
3.66386
2.93271
3.65102
2.95908
4.03017
4.41413
3.57958
3.86942
4.57665
2.98574
3.77136
3.40348
4.21548
3.78297
3.77376
2.9688
3.90293
3.91397
3.14974
3.68971
2.95245
3.50102
3.29158
3.66649
3.56316
4.13988
2.57012
3.42888
3.05012
2.04752
3.96445
4.20086
3.50294
3.87249
3.55072
2.83592
3.90324
4.46233
3.72123
2.7345
3.49424
3.69037
4.01413
3.00207
2.95518
3.41259
2.17212
2.72696
3.80892
3.46484
2.52543
2.97685
4.40828
3.68846
3.20498
4.7137
3.50593
4.06905
3.35967
2.59041
3.20297
3.89828
4.72078
3.13511
3.95098
3.9405
3.96695
3.1156
3.17623
3.26807
3.75765
3.11231
3.79911
4.67771
1.76462
4.54463
2.7935
3.79841
4.18974
3.24867
2.37426
3.53266
2.60112
2.8952
3.89434
3.49567
3.33202
3.05405
1.80363
3.16127
4.22579
2.97837
3.48333
3.75977
4.10081
3.64447
3.88265
3.73018
4.34558
2.69683
3.85099
3.57989
3.76149
3.17646
3.42819
3.78675
2.52349
3.64725
2.5827
4.12366
3.62074
3.74305
3.61522
4.33333
3.90126
4.37924
3.97181
4.01253
3.83307
4.65657
4.1505
3.89094
4.02421
2.82509
2.53801
4.27864
2.86805
3.98485
3.01535
2.07568
2.91591
4.4642
2.71431
2.80088
3.38622
3.95701
3.42014
3.21698
3.73344
3.75969
3.15566
3.3683
3.88085
3.19562
3.55056
4.66007
4.14537
3.18643
2.25568
3.45081
4.12602
3.44595
3.15007
3.4921
3.56826
4.28571
3.89266
2.47406
3.7361
3.53705
3.89775
2.75564
2.97557
3.25381
4.14049
3.99757
3.9753
3.3403
4.44983
2.44413
3.15953
3.78354
2.75273
3.46094
2.22883
1.81226
4.17502
3.13488
3.85459
2.79063
2.94367
3.25291
3.62467
3.33253
2.94136
3.28908
3.35714
3.53779
3.3395
3.89014
4.17252
3.28059
3.22436
3.7764
1.92195
3.84499
2.98263
3.73123
3.1168
3.68869
3.93777
1.54891
3.6724
3.51975
4.33237
4.07446
3.16214
3.68532
2.37786
3.79876
4.03681
2.91828
3.35777
3.70626
3.9859
2.03322
3.6305
3.93347
3.07033
3.84591
3.38093
3.68681
3.54787
2.647
3.65152
3.06183
2.63252
3.00368
2.88592
3.50177
4.44749
2.51632
3.46422
3.27075
2.40533
3.7247
3.36597
3.69007
3.62251
4.50591
4.04345
3.71673
3.16778
2.75987
4.40065
2.72803
3.38314
2.83775
3.58196
3.24385
3.85254
3.17033
3.39735
3.61957
3.87956
3.66144
3.93747
3.36171
3.19719
2.80989
2.76865
3.14131
3.70459
3.15948
1.72545
3.799
3.38283
4.68392
3.847
3.84556
3.82234
4.07393
4.34965
4.2182
3.5548
4.2228
3.20734
3.44502
3.85243
2.43693
3.92243
3.21471
4.16487
3.46808
3.44168
3.26158
3.70487
3.0481
2.54981
4.01096
3.47495
3.41209
3.6493
3.96307
3.51699
2.27714
2.57754
4.00698
3.10549
3.23566
3.10006
3.26662
2.45182
4.28758
3.05742
3.77318
1.91147
3.20559
4.35198
3.78369
3.4082
2.60618
3.89997
4.11559
4.08408
3.52121
3.5317
4.03572
4.37029
3.89169
3.68262
3.66372
3.79329
3.7243
3.6472
3.53998
2.84303
3.66944
1.63705
3.88805
3.22176
4.35572
1.9097
3.1618
2.50419
3.81619
4.36613
3.96757
4.35223
3.37896
3.30847
4.00881
2.82897
4.67471
4.22474
4.30779
3.43275
4.2096
3.11263
3.44836
3.22342
3.61193
2.06678
3.01537
3.42447
3.31442
3.80264
4.41852
4.71911
4.60722
2.14077
3.74641
3.82892
3.23152
2.60839
4.58928
3.13021
3.3774
3.55453
2.15144
2.82712
4.37321
2.33879
2.53475
3.15019
2.903
1.96732
4.48655
2.17174
1.54781
2.92504
4.34462
2.64287
3.64813
2.99623
3.21637
3.23692
3.65577
3.99727
2.8275
3.07223
4.07782
3.87726
2.69167
3.08565
3.15458
3.38198
2.01655
2.74621
3.84428
3.46412
2.61014
3.84848
2.63546
2.79468
2.50866
3.70072
4.10443
3.73329
4.27452
4.30534
1.71426
3.18311
4.13558
4.34758
3.39593
4.1245
3.51951
3.23016
3.34563
3.76315
4.12339
3.69089
3.9487
2.95314
2.77047
3.83647
4.07567
3.11079
3.57173
4.09472
3.37197
4.84844
3.72769
1.72504
3.43628
3.57661
3.42081
3.72448
3.32691
3.41256
3.31374
3.70676
2.56788
2.88586
3.01911
3.78232
3.79979
3.17777
3.88294
3.86278
4.4051
2.34045
4.12718
3.58137
4.41066
4.4383
3.11128
3.49006
2.91567
3.87896
3.56128
3.67708
3.64846
3.89558
2.94027
3.48507
3.95098
4.10368
3.405
2.99256
3.57727
2.96162
2.33665
3.52757
2.96093
3.53747
3.92465
3.12733
1.72515
3.24732
3.01369
3.88539
4.19866
2.87471
2.58314
4.04531
3.64469
3.37777
4.01692
2.8557
2.85768
3.88485
3.63203
3.18507
3.42787
3.59666
2.44312
4.18438
3.26072
2.73269
4.23709
2.62981
3.3465
3.01704
3.35426
4.34007
2.83267
3.45704
3.55003
4.10602
3.55666
4.25248
2.24529
3.71381
2.45176
3.18583
3.44019
2.53785
3.92558
3.6016
4.14743
2.53594
3.29001
3.25331
2.40622
3.27591
1.5503
3.61554
3.64367
4.09172
2.59219
4.44465
3.56304
3.68016
3.01299
2.35766
3.91773
3.22818
2.79143
3.76236
3.79897
3.42756
3.24457
3.92199
2.03387
4.48426
3.91829
3.3376
2.26526
3.32636
3.6754
3.03633
3.84485
2.73311
3.37243
3.61017
4.17193
3.6954
3.33833
2.26692
3.41768
3.55767
3.21659
3.34639
3.99473
2.65016
3.39103
4.23513
3.58872
2.91778
3.8052
2.95507
4.10626
3.71369
1.75432
3.05906
2.33955
3.47055
2.9515
3.83609
3.0651
3.87048
3.63119
3.72784
4.15847
3.22782
3.19523
3.28406
3.16877
3.17364
4.02737
3.1502
3.05064
2.68065
4.76685
3.81683
4.16083
3.13933
2.88806
2.83197
3.57049
4.05869
3.11595
1.64913
4.14969
2.70402
3.14586
4.3952
3.37132
3.4205
3.87826
3.42258
4.01693
3.61986
3.39377
2.5659
3.92222
2.53681
3.05586
3.62384
3.89586
3.84516
2.98941
3.10998
2.91615
3.27265
3.29919
1.6562
2.53878
3.21305
3.86006
2.77021
3.68707
2.97669
3.18173
3.50985
3.43904
3.46697
2.85113
3.13112
3.66287
3.2791
3.73932
3.17289
3.89179
3.55495
3.42154
2.74267
3.69991
4.29128
2.07961
4.5584
3.17392
3.44882
3.21531
4.34845
4.18258
2.21543
3.02123
3.26852
2.15485
3.72901
4.37897
2.68104
3.05237
4.08949
3.96351
2.66159
3.95377
3.2298
3.45452
3.25061
3.93494
3.31042
3.53792
3.35951
3.49911
2.99508
2.53287
2.90722
2.01698
3.74975
3.09678
2.44074
3.37495
3.86635
2.62025
3.13854
3.98565
3.08088
4.62213
3.53339
3.91689
3.11053
3.75483
3.9834
3.28904
3.23735
3.19618
4.22841
4.38973
2.47886
3.48209
3.50525
3.22239
4.20406
4.29903
3.8308
2.99938
3.71239
3.66315
2.48904
3.68974
3.25485
2.76148
3.90831
3.3145
3.70663
2.83045
3.93812
3.66063
2.14465
4.21616
3.63804
3.81237
3.4852
3.0996
3.30797
4.05339
3.13053
4.32261
2.94863
3.74742
3.24754
3.80734
4.14188
4.19043
2.60048
3.26359
3.08796
2.80615
4.15576
3.97386
3.90185
3.04801
4.38315
2.51798
3.60868
3.36718
3.93163
3.30172
4.45718
2.51851
3.54706
3.76175
3.45487
3.82083
3.74084
3.79059
3.18009
4.20914
3.84868
2.66021
2.83544
3.26152
2.61147
3.16756
3.88239
3.28701
3.0078
3.13381
3.94649
3.54941
3.62328
3.69192
3.46395
4.02153
4.60944
4.26657
3.6952
4.39449
3.48008
2.04732
3.96763
2.34811
1.88714
2.88986
4.00802
3.49917
3.55443
3.69673
3.76154
2.49576
3.2388
3.54431
3.92228
3.08322
3.62763
2.97291
1.81583
3.54664
2.74583
4.54524
3.98077
3.68817
2.9374
2.59
3.32444
3.81957
4.15211
2.63125
3.0803
3.65469
2.93631
4.27032
2.87427
3.57615
4.73625
4.26676
4.40115
2.53762
4.20599
3.69945
2.36193
3.1466
3.62726
3.85336
4.09288
3.36386
2.81992
2.8381
3.46648
3.82858
3.91768
2.0236
4.0135
3.5109
3.58418
3.41319
2.70647
3.33958
1.45696
3.04993
2.12204
3.35283
3.17683
4.10889
3.7073
4.95139
2.87952
3.1614
3.21598
2.7841
2.40804
3.05623
3.91367
2.74212
4.24135
3.80307
3.01527
2.79228
3.49918
1.47425
4.27257
2.82069
4.23082
3.58758
2.90071
3.82063
3.20476
2.56671
3.14566
3.35566
2.63381
2.94682
3.45226
3.4294
3.45789
3.69797
3.61741
4.26575
3.00023
2.70757
2.85663
3.14446
1.97009
4.45771
2.64707
3.77191
2.92042
2.26385
3.1188
3.73134
2.93377
3.20187
3.57164
2.6405
3.77225
2.95902
4.31274
2.15448
2.68436
4.14359
3.09681
3.89785
3.18093
3.47351
4.30092
3.22598
4.16264
3.80661
4.00739
1.94408
3.78074
3.42423
3.12123
3.01777
4.5873
4.13619
3.4589
4.05105
4.122
3.76574
4.04521
4.52834
4.62142
3.44505
3.07138
3.6211
3.86583
3.21864
3.5941
3.8557
1.98149
2.51947
3.02738
2.12386
3.86148
3.52012
2.53295
4.08652
4.61589
3.70502
3.17599
2.32925
3.51187
3.49514
4.41357
3.11793
2.02423
2.72837
3.28677
3.80989
3.66288
3.7886
3.87797
4.45456
3.90907
1.19756
3.50501
3.38615
4.18041
3.39198
2.12254
3.41394
2.67194
3.94809
4.34052
3.7609
3.67737
3.78431
3.06821
3.6525
2.50225
3.12436
2.78103
2.65146
3.87016
4.23732
2.85395
3.94784
3.58911
3.20335
2.56424
2.78865
2.81175
3.5384
3.658
1.73736
3.86297
3.80245
3.386
4.08645
4.24671
3.78154
2.55231
3.69307
2.88118
3.44217
2.80785
3.11841
2.48082
2.71697
3.67476
4.97245
4.16288
3.65309
3.35353
3.90206
1.3726
3.23121
1.92076
3.25892
3.19023
3.471
4.02143
4.40244
3.65248
3.98905
2.1008
4.27994
4.18945
3.56993
4.48726
3.68236
4.05098
2.86893
3.68305
3.62902
2.1479
2.75393
4.39714
4.02041
3.36323
4.25316
4.10823
2.56903
3.71719
4.12026
2.71804
3.70563
3.18495
4.02598
2.27869
4.40466
2.14013
3.09152
3.99111
2.82689
3.16372
3.6307
2.94847
3.18521
3.40617
2.98169
3.21076
3.42768
3.60699
2.205
3.42707
3.5499
4.49074
3.39151
3.46338
2.81117
4.2102
3.26661
2.32936
2.22968
4.08468
3.19184
3.2478
3.38381
4.10969
3.12815
2.36819
2.94388
3.85407
4.05342
4.29799
3.91711
2.76062
3.78973
4.30264
3.73547
3.60018
2.8009
2.07194
3.74819
3.17369
2.59343
1.96113
3.32256
3.83074
4.11258
4.29649
3.65485
4.41277
3.45672
3.42927
3.85329
3.81954
3.48027
3.01653
3.16316
3.04783
3.92467
2.61679
3.0045
4.47088
3.51942
3.59194
4.47406
2.49664
2.89211
2.75588
3.10944
3.14349
2.67902
3.73076
3.40945
3.07033
3.47001
3.20029
2.71341
3.88872
4.06591
3.91298
3.36282
3.3144
2.81495
4.48457
3.97104
2.66158
3.47555
3.55929
4.7446
3.49752
3.17361
3.84122
3.46245
1.6798
3.75857
3.92494
4.13685
4.92482
3.80003
3.67484
4.39494
4.34036
3.30266
3.38776
3.5382
4.15311
2.37473
2.75341
3.51837
3.93383
4.52062
3.76838
4.28765
4.32685
3.75384
3.57205
3.6085
4.21753
4.02616
3.72604
2.49998
4.29018
3.10945
4.38211
3.51418
3.97997
3.18065
3.31617
4.17637
3.12403
3.87775
3.64221
3.09221
2.18501
3.48833
4.93637
1.89848
4.28943
3.97222
2.83628
2.49737
3.942
4.08163
3.36456
3.27367
3.78141
3.66005
3.79763
4.09561
2.70854
4.32051
3.57767
3.91549
2.99868
2.15162
3.64212
4.02896
4.06123
3.90484
3.83439
4.77425
3.41466
3.63773
3.42444
3.1494
3.50365
3.27477
4.10817
3.58894
2.97343
2.59574
3.94714
2.36654
4.19658
2.94977
3.97625
4.22363
2.64984
3.69212
3.55558
3.4912
3.73565
2.43743
2.79738
3.21845
4.12062
3.43317
2.99633
3.91184
4.4014
2.63327
3.70272
2.22933
2.48613
4.77328
3.42736
3.485
3.80556
3.00057
2.75881
3.11702
4.81674
2.67382
2.31833
3.50392
3.35128
3.30031
3.33429
4.05171
3.50421
1.98895
4.16349
4.12746
2.56202
3.98334
3.36247
3.94978
2.77213
3.61301
3.92412
3.27234
3.34022
4.04337
3.22469
3.40939
4.29023
3.91886
2.13607
3.54633
4.04128
3.30408
3.07555
3.61881
3.30747
3.6272
4.85771
3.69369
3.40898
3.88003
2.95814
3.31625
3.89478
3.78939
3.18159
2.77049
2.77359
3.45217
3.68418
3.3577
2.95174
3.46789
3.68345
4.0024
3.82678
2.74011
3.25703
3.56723
3.68969
1.59374
2.73189
3.85256
3.95305
2.63502
3.03525
3.18046
1.69116
3.06949
3.59846
3.29659
2.72898
4.39233
4.07304
3.44638
2.82318
2.75024
3.85319
3.49318
2.98306
3.11424
2.14599
3.85427
2.5019
3.76981
3.73444
2.31692
3.8838
2.84167
3.78417
4.26704
4.06254
2.90257
3.50293
3.23515
3.16578
3.92674
2.30797
2.26879
3.67651
1.92587
4.3707
4.13338
2.13518
4.32747
3.57328
3.4103
3.56745
2.25253
3.76934
4.21808
3.59986
3.11347
1.87304
3.08006
3.35484
3.35284
3.14419
3.93491
2.64802
4.41575
4.06286
1.95886
3.75574
4.17806
3.32593
3.51665
3.55974
3.41556
3.32452
3.80223
3.04516
3.14466
4.53996
3.06392
2.07426
3.23503
3.60578
3.6992
3.96009
3.41395
4.22802
2.21164
3.28619
2.08778
3.22003
4.3034
2.78529
2.99584
3.70873
4.08914
3.68725
3.27446
2.74988
3.46297
4.39997
3.06458
3.15514
3.29959
3.40531
2.78838
3.96168
3.07867
3.2749
3.66148
2.95051
3.42353
3.46337
2.6069
4.11543
2.45151
3.64674
3.71029
3.16507
2.44219
3.51182
3.41255
3.62939
3.08988
2.86745
3.78355
2.92264
3.01089
3.91107
3.78783
2.83209
2.95137
3.72896
2.67699
3.71243
2.69231
2.55357
4.38118
3.2864
2.99629
4.58854
1.79847
4.29836
3.00645
3.49196
4.05365
3.38248
3.81482
4.24283
3.59751
3.74815
4.1417
3.45191
2.58528
3.96084
3.02152
4.07447
3.90317
4.2476
3.99908
3.98697
3.56047
4.12397
3.611
3.50394
4.30493
3.95735
4.10688
4.1332
4.48896
3.1601
3.39819
3.53518
2.93812
3.75466
2.50712
2.87644
3.91929
3.42392
3.79453
3.40128
3.26941
3.343
3.34905
4.08795
3.20969
3.26348
3.99757
3.16361
3.73558
3.67874
2.66982
3.63732
4.15179
2.65692
3.96033
3.17094
4.29911
4.06437
3.59664
1.5994
3.82425
3.36722
3.39907
3.10062
3.85708
3.40659
3.981
2.98351
3.58893
3.34016
3.18485
4.396
3.54682
3.42775
4.20322
3.03838
3.97894
3.91037
2.24187
3.47315
3.41683
3.9759
3.40507
4.18758
3.21303
2.88954
2.45025
3.29857
3.099
3.06864
4.1169
4.46544
3.41059
2.96263
2.3371
3.57161
3.72149
3.96622
2.51341
2.42876
3.25553
2.19042
3.92945
3.25921
4.01092
3.63944
2.04691
1.92639
3.86595
3.45388
3.23208
3.06592
4.09673
2.91117
3.89188
4.09168
3.74802
3.45197
3.29478
4.65383
2.89549
3.05365
3.93404
3.91536
2.69778
3.19876
3.07853
4.40725
4.39992
2.92554
3.38022
3.18477
4.37321
3.77382
2.88656
3.74443
3.08288
3.52041
2.09193
2.45319
2.60656
3.75135
4.41543
3.56013
2.70712
4.00873
4.44364
3.28626
3.76637
3.45976
3.72875
3.07246
2.73624
3.49447
4.18667
4.19029
4.13945
3.14054
2.64479
2.32074
3.1895
4.56688
3.54141
3.95251
3.50156
4.52144
3.9748
2.87301
4.16896
3.0892
3.80215
3.04172
3.45276
4.44053
3.54495
2.99947
1.7733
4.09804
3.19653
1.77384
3.33639
2.83854
3.03958
3.71118
3.92267
3.58486
3.75878
3.55597
3.44192
2.75288
3.3355
2.71709
3.60161
4.09965
3.58915
3.24978
4.30497
3.67252
4.08159
3.07797
2.8425
3.93217
3.14067
3.49691
4.20294
2.58742
3.81327
2.91419
3.66441
3.62254
3.64696
2.70315
2.3745
3.21206
2.68749
3.79824
4.504
4.36292
3.14623
2.88266
4.04024
2.96105
2.93791
2.89149
3.2044
2.79501
3.44912
3.45283
3.60744
3.39053
4.27209
2.87527
2.78833
3.91181
3.95664
3.1928
3.18464
3.82058
2.9585
2.37288
3.99529
3.1297
3.67636
2.46872
3.62091
3.32992
3.291
2.89256
4.75836
3.52706
3.30887
2.44024
3.08586
3.33053
3.50267
4.62466
3.2349
4.05848
3.29351
2.26623
3.69375
3.71953
3.07485
3.39699
2.84409
2.80943
3.74049
2.62902
3.5321
3.13827
3.07766
3.60943
2.40177
2.98594
3.26415
3.44431
3.07841
3.72954
3.06719
4.06655
3.87901
3.848
2.3004
2.92407
4.7478
3.28245
2.99121
3.00033
3.86863
4.63663
3.34345
4.38738
3.39554
4.24397
3.6719
3.67398
4.32345
4.1166
2.96872
3.82772
3.55506
2.83372
3.61016
3.29485
4.05481
1.19597
2.65415
3.74214
3.9187
3.87424
3.53396
2.78026
3.78297
4.17906
3.82736
3.85475
3.84093
2.28964
4.41612
4.42288
4.02624
3.91182
3.94194
3.06839
2.59443
2.86969
2.9002
3.57609
3.74181
