3.20251
4.20159
3.05888
3.43086
3.38794
3.68015
4.23568
3.25294
2.43987
4.38957
3.94527
3.35778
3.75695
4.14143
3.53209
2.61309
4.21257
3.51884
3.33984
3.68196
2.73666
3.27395
3.87726
2.55531
2.893
3.39663
3.61869
2.55928
3.28671
2.96909
3.31895
2.58426
4.02512
2.81223
3.47435
3.51268
3.80937
3.48399
3.68671
3.33683
3.55215
4.08447
3.3446
3.69396
3.76596
3.32075
3.58236
2.63933
3.67766
3.20834
4.21033
3.61531
2.67674
3.70745
2.89877
4.35318
3.70498
3.53763
4.84158
4.59739
3.47561
3.68928
3.35862
4.1621
3.65533
3.82693
1.34622
3.5248
2.66931
3.54467
2.79498
3.59587
3.88345
3.86395
4.44279
3.27759
3.52799
3.24699
3.11054
2.87847
3.95435
3.97212
4.0604
3.87518
3.70716
4.06244
2.77301
3.18905
3.22231
3.47893
2.527
3.28056
2.94493
2.78189
3.61254
4.08653
3.77972
4.23642
2.7238
3.33426
3.46794
3.37718
2.90589
2.85615
3.15059
3.08689
3.55914
3.80877
2.54894
3.17328
3.58299
2.55635
2.81222
2.95247
3.53534
3.26946
3.48774
1.87092
3.74361
1.80723
3.40262
4.11438
4.30419
3.39919
4.16316
4.30123
3.56126
4.42605
3.21341
3.97689
3.5492
3.86929
3.56924
2.74748
3.72709
2.76758
2.49796
3.82723
3.94303
4.25414
4.26657
3.8146
3.43801
3.28702
4.15997
2.63899
3.81595
3.52674
3.92858
3.63601
3.18965
4.01063
3.02967
4.02109
3.75715
3.67915
3.14071
2.75095
3.59138
3.19158
3.81998
3.61567
4.16797
3.07604
4.39135
4.16705
4.52892
3.96285
2.33325
2.55591
4.24419
3.06701
3.58429
4.12669
2.94759
3.60181
4.14714
3.62532
3.81715
2.63223
2.45493
4.15639
4.14039
3.39163
4.28179
3.25661
2.52633
3.75496
4.72545
3.7636
3.50226
3.12468
2.87074
3.90395
2.21312
4.08604
4.07365
3.45701
4.04379
3.3264
3.79074
4.02651
3.76035
3.79107
3.24871
2.98777
4.15449
3.41915
3.50777
3.28908
4.28447
2.71082
3.89447
3.17314
4.12603
4.51984
2.19921
3.4609
2.66884
1.57251
3.84933
4.3419
3.48946
3.15568
3.51131
2.43167
3.1441
4.66335
3.6283
3.11362
2.91394
4.2155
3.74566
3.89095
3.24452
3.0081
3.78293
2.70389
3.22527
4.02523
3.21621
3.25034
2.49058
3.56719
2.99899
4.40213
4.45996
4.07711
4.23858
2.93851
3.33316
3.92372
3.76342
3.31851
2.93344
3.1792
3.76372
1.97677
3.70658
2.61943
3.53947
2.5454
3.1964
3.88673
3.40361
3.73134
3.57542
4.34047
3.89684
4.17814
3.19268
3.93226
3.66943
3.20348
3.52834
4.3591
3.2448
4.34256
3.06605
2.66834
3.72342
3.99765
2.97725
1.64122
3.74143
2.44293
4.34477
3.46946
3.75369
3.62377
2.53875
3.35199
2.35797
3.91367
2.47367
4.01518
2.73992
3.60803
2.71106
4.12892
3.85486
3.45968
3.57008
2.67401
2.57389
3.36263
3.53061
3.62828
2.76758
3.021
3.5932
4.66035
3.82176
4.46743
3.76636
3.46998
3.2098
4.03063
4.27623
4.26872
4.28827
4.01579
3.30079
3.92105
3.57035
3.67975
3.97243
3.19781
3.89378
3.76029
4.00451
2.3264
3.49703
3.62228
2.39483
4.17195
2.05132
3.64568
2.65209
3.59254
3.58003
2.09938
3.47135
3.89978
3.63937
3.16848
3.47449
3.58357
2.97048
3.48807
2.67121
2.66578
4.10784
2.67555
4.55071
4.41012
3.49976
3.29617
3.93065
2.6123
3.97764
3.97341
2.99305
3.78047
4.3996
3.71519
1.55585
3.40158
3.82223
3.85735
3.80365
3.61444
2.88898
3.93121
3.40441
3.08819
3.81742
3.0928
4.23711
3.09026
3.86986
3.42814
4.05337
4.12722
3.88052
4.0012
3.60588
3.23015
3.77021
2.915
3.82335
2.32982
4.42966
3.79355
2.17441
3.94699
2.48505
3.16654
4.06649
3.21722
2.4241
3.99065
3.8595
4.32491
3.68293
3.18847
3.13085
3.95682
4.07367
2.8867
3.99465
3.90873
3.63475
3.14815
3.80971
1.92811
3.22929
3.49214
3.09763
3.64394
3.77765
3.15203
4.01538
4.89129
3.28623
2.89573
2.98408
3.49388
3.34882
4.15638
3.0528
4.526
3.34333
3.90188
3.47711
2.91915
4.38044
3.59458
3.7926
3.89291
2.20245
2.97117
2.8797
3.54005
3.61626
2.34546
4.4665
1.89094
4.0755
3.24697
4.86931
3.35488
3.44029
3.25926
4.36373
3.4298
4.06242
3.71247
2.8313
4.25307
3.37873
3.28381
1.42842
4.40461
3.89945
3.35146
3.28117
3.72436
3.57405
3.12231
3.04455
1.84574
2.9591
2.74509
4.65573
3.82079
4.21554
1.77335
2.68161
2.72929
4.30072
4.59173
3.96127
2.88316
4.01064
4.41471
4.47672
3.65931
3.56693
4.01995
3.00887
3.17327
3.00241
1.81163
4.48971
3.72061
3.47636
3.79066
3.15843
2.64355
3.4572
3.39705
4.01522
3.81647
3.21152
2.92458
3.94364
2.49146
4.80991
3.85909
3.21369
3.66418
3.4808
3.45637
4.52116
3.08452
2.67412
3.82766
3.99945
4.4032
3.44733
3.48955
1.95445
4.33983
3.63893
4.17932
2.88254
4.34806
3.14809
3.50382
3.45942
3.25076
2.61511
3.70506
3.86749
3.36908
3.40044
3.64132
3.81296
2.48763
3.14927
3.76903
2.81782
2.16164
3.12773
2.62168
4.25071
4.39385
3.69952
3.12266
3.37589
3.88391
3.47619
3.13448
3.38674
4.05656
3.872
3.50304
3.10744
4.36378
4.41397
2.98123
3.70829
2.68669
3.00066
3.47492
2.99556
1.96482
3.50403
3.33768
3.68773
2.83217
2.96114
2.63933
2.01339
2.20839
2.97114
4.04529
3.29323
3.79176
3.49473
3.13868
2.53564
3.86646
4.35172
4.0825
2.69612
4.08786
3.88664
3.46138
3.46867
3.02647
3.37551
3.53817
3.21184
2.44259
3.63098
2.68018
4.21566
4.32732
3.68259
4.2179
3.82804
3.96896
3.69826
2.95421
3.37297
3.19268
4.07271
2.68559
3.98245
3.33962
4.51193
3.27248
4.1294
4.65769
2.28219
1.85435
4.14418
3.95891
4.13253
4.40113
2.59373
3.30352
2.22816
3.16828
3.09652
4.24546
2.14392
3.17224
2.55495
3.67412
2.7632
3.56848
3.40278
3.11643
4.30422
3.00816
3.06729
2.50431
3.47895
3.70932
2.20627
3.57609
3.90053
3.42488
3.61377
3.56165
3.64634
3.76732
3.30616
3.67685
3.07465
3.57088
3.58762
3.38809
2.62934
3.34754
3.53371
3.88819
3.2221
2.4379
4.36169
2.35544
2.30926
3.25337
3.01901
3.38756
3.05895
3.85107
3.20894
4.58005
3.17867
3.57435
2.95683
3.40475
2.26062
4.1617
3.65837
2.69243
2.82155
3.92712
3.53135
2.22121
2.74959
2.765
3.47533
3.81144
2.87044
4.13635
3.14653
3.37028
4.27782
2.94534
3.9413
3.20378
2.84956
3.62775
3.25376
3.97088
3.35375
2.81228
3.7847
3.35712
3.45284
4.39233
3.99115
3.08689
3.22871
3.8128
4.49939
3.40034
3.99299
4.05681
4.32373
3.4218
3.31221
2.42204
1.74325
3.17769
3.08553
4.13625
2.73316
2.23566
3.90583
3.34548
3.6145
3.74218
3.35624
2.60207
3.74468
3.3803
4.0394
3.40138
4.0923
2.72904
2.82643
3.00232
1.9026
3.91385
3.88426
2.72121
3.25029
2.81999
4.27626
2.93771
3.60645
3.19388
3.66422
2.6857
2.55242
3.87567
3.10568
3.61252
3.76832
4.46515
3.74874
3.93332
4.09212
2.96523
3.41527
2.29808
3.58314
2.83499
3.36203
2.71585
3.08706
3.7992
3.92509
2.65009
3.59529
4.90654
3.78059
3.52208
3.6512
4.24337
3.07296
3.53358
2.72364
2.99411
2.95358
2.93924
4.45471
3.66078
3.14986
3.83893
3.64443
3.44789
4.41062
4.30641
3.05104
3.0464
4.1802
3.27553
2.78288
4.18248
4.16301
2.15555
4.7299
3.96341
2.92073
2.2483
3.01033
3.44807
3.72636
2.62966
3.65799
3.71291
1.69898
2.76132
3.23777
4.10076
3.66714
2.74322
2.94179
2.14623
4.09315
3.63631
3.2131
2.52896
2.58983
3.96316
4.2903
4.0269
3.15873
3.01233
3.62923
3.47284
2.92444
3.5967
4.38285
1.86955
3.10904
3.49671
3.51753
3.52318
3.20555
4.45176
4.02775
3.05241
4.33729
3.49408
3.50437
3.73061
4.15969
3.51159
3.68387
3.9155
3.23077
2.7338
4.08715
4.24618
2.8613
3.98188
3.75285
3.15753
4.74465
2.29539
2.16653
2.68348
2.74495
3.85447
2.27639
3.54035
2.852
3.83769
2.7491
3.29172
4.23548
3.58258
4.56559
3.24076
4.35985
4.20852
3.91113
3.12094
3.77998
3.08971
3.54302
3.38017
3.19515
2.61871
3.54227
3.9605
3.97551
4.13841
4.22747
2.87228
3.46524
4.14396
4.30737
4.06231
3.57305
2.93233
4.38649
3.54463
4.01951
3.25108
3.56348
3.56848
3.79457
3.21413
2.92182
3.69132
3.53797
4.36824
3.76038
3.34639
4.44121
1.5217
3.60461
2.85697
3.42669
3.47648
3.80363
3.99137
2.9575
3.11114
3.73116
3.12462
4.16221
2.76407
2.73306
2.40768
2.78017
2.53966
2.26958
3.83854
3.43786
3.46292
3.60864
4.06179
4.25433
3.09414
3.19147
4.44271
3.88001
2.86237
3.02427
2.73173
3.58922
3.90697
4.11882
1.53574
2.8554
3.63622
3.75701
3.79969
2.77234
3.76938
3.87647
1.97475
3.98779
3.60626
2.81515
2.55559
2.72524
3.74177
3.55214
2.92217
2.14564
3.9452
4.57136
2.4104
4.05445
2.74446
3.82047
3.77413
2.45019
3.51776
3.14061
2.5334
4.28614
3.53734
3.29729
3.77185
3.76615
3.48284
2.48254
3.53383
4.31424
4.70316
3.95191
3.55419
4.29203
3.69957
3.8136
1.98125
3.17777
3.63507
3.7917
2.75221
3.57453
2.94497
2.94658
2.57069
3.4871
3.24893
3.33695
3.13654
3.06787
4.05048
4.19456
3.31345
2.45266
3.24586
3.34074
4.54776
3.34081
3.87612
3.2032
3.62529
3.62244
3.73841
3.02752
3.62294
3.59335
2.45176
4.246
3.87341
3.21741
3.82476
3.49096
3.92189
2.67653
3.61341
3.28513
3.66483
3.64572
3.86199
2.34615
3.24114
3.96712
3.85796
2.45354
4.14171
2.34208
4.04408
4.18743
3.35938
3.26846
3.23339
2.77882
4.53917
3.51221
2.97355
3.92471
3.22794
3.08682
4.3816
4.07113
4.05787
3.83047
3.05373
2.39411
3.44808
2.63496
3.17639
3.09712
2.88534
2.72549
3.3266
3.80986
4.06335
3.01037
2.58459
3.51921
3.48309
3.2343
2.68872
3.87712
4.23938
3.26985
3.09963
2.51329
2.82103
3.23059
2.66688
3.57474
4.30776
2.4881
3.69115
3.1193
3.03739
3.69844
3.2986
3.08051
2.21115
3.43781
2.80563
2.84824
3.45446
4.0013
4.17052
3.70363
2.7466
3.76812
3.74687
3.13907
3.91837
4.05695
3.31676
4.25263
4.32379
2.90238
3.75948
3.38787
4.17429
3.80388
2.98541
3.83115
2.12856
2.24716
2.87586
2.7432
3.34071
2.77101
3.84089
3.27753
3.67617
3.73048
2.82982
3.93882
3.38708
4.05574
3.17493
3.81371
3.08446
3.62898
3.77771
3.3851
4.54094
3.33291
2.17845
3.35659
4.32308
1.36734
3.00139
4.99746
3.12978
2.47514
3.87376
3.22083
3.09751
4.44748
3.47617
2.16479
3.84503
3.25614
2.8746
2.97503
3.84744
3.4329
2.71806
3.63329
3.09802
3.79598
3.07967
3.54034
3.9058
4.10456
3.08862
3.64796
4.33163
2.56951
4.11737
2.81754
3.32286
3.90233
3.19451
3.4105
4.0227
3.9949
4.58401
3.9494
3.25594
3.56191
3.64034
3.30743
4.4308
3.83378
3.9105
4.24765
4.3218
3.38829
3.25451
3.80414
3.64201
3.36921
4.08012
3.18562
3.82001
3.7319
3.75534
3.84258
3.14781
3.13414
3.51338
3.16125
3.23216
4.06612
2.98176
3.55703
2.79287
4.44037
3.23722
3.22307
4.04233
3.85685
4.14453
3.54887
2.67669
3.45379
3.56674
4.14624
4.22149
3.37973
2.9943
3.49334
3.75138
3.72677
2.38857
4.20301
3.20035
3.22922
2.84263
3.55109
3.19733
4.37625
3.73406
4.39633
3.31555
3.83459
3.79049
4.26757
3.97921
4.09411
1.57741
1.80783
4.14321
2.0798
3.20678
3.64919
3.3482
2.81759
2.78168
2.93923
3.9227
3.57748
3.83171
3.81518
3.55873
4.07557
3.68351
3.37647
3.57114
3.57459
3.33249
4.49872
2.14822
3.454
4.09314
3.33294
4.1951
2.51807
3.64956
3.46694
2.90345
3.78872
3.68516
3.85046
3.74539
3.36476
3.735
3.43346
3.513
2.72301
4.68211
3.89921
3.61666
3.67364
3.05556
3.06167
3.31443
3.99985
2.50292
4.12653
3.71741
3.88219
2.88152
3.56197
4.47712
3.40125
4.07069
4.09309
2.4862
3.68983
4.55223
4.5737
3.293
3.71661
2.84734
4.26603
3.08997
3.56417
3.61362
3.63389
2.63907
4.07559
3.50638
3.42558
4.25573
4.00885
4.54017
3.19899
3.12119
2.53938
4.3993
3.62153
3.82401
3.73048
3.16737
4.27176
3.22877
4.01348
2.071
4.24437
3.94464
4.00484
2.77232
3.01922
3.46264
4.20515
3.51347
3.54749
3.91711
3.69025
3.34746
2.43442
3.13216
3.94486
3.69975
3.61342
3.50981
4.76476
2.67116
3.04169
3.29226
3.63081
2.53781
4.28181
4.06527
3.471
2.87243
4.02124
3.89971
3.68311
4.11443
3.94381
4.2877
2.87552
3.56505
4.03292
3.60544
3.2539
3.68853
3.51011
3.93799
3.31949
2.92099
3.8102
3.14165
3.14474
3.02742
3.59021
1.96939
3.43263
3.98662
4.67429
4.16146
4.03068
3.46246
2.1238
4.38981
4.02786
3.26482
2.566
3.22621
3.7852
2.08634
4.11253
3.35198
3.73954
3.2006
3.15716
2.16793
3.19523
3.75237
3.99994
3.67508
3.53193
2.89749
2.10159
3.72305
3.60134
3.70592
4.2367
2.59091
3.051
2.94799
3.79069
3.98029
3.25531
4.29608
4.56813
3.37591
3.3014
2.41479
2.34892
3.85695
3.04531
3.10783
3.65724
3.652
2.78277
2.87
2.26166
2.38782
3.08526
3.46054
3.63644
2.53198
4.4504
2.71313
3.17996
3.92197
3.51088
3.57505
1.83305
3.45901
3.46076
3.29419
3.10702
3.85161
3.84883
3.86046
3.527
3.18246
2.37827
3.87823
3.56698
2.98593
3.32171
4.06486
4.56732
2.58988
3.23287
3.59571
3.43417
3.68077
4.38705
3.29162
4.26071
2.96696
3.33405
3.58531
3.03476
3.28317
4.33754
3.6509
3.54325
3.362
3.66077
4.06023
2.89756
3.09456
3.59259
3.68683
3.23699
4.21996
3.83291
3.26944
3.27013
2.06039
4.52559
3.71309
3.76662
3.11879
3.16253
4.79688
3.27521
3.8931
4.20322
4.19959
2.47721
3.48721
3.05556
3.70414
3.9244
2.65961
2.85499
2.68618
4.06966
4.8298
3.59621
3.53698
3.38213
3.38458
3.12852
3.4649
3.84707
2.70472
3.7678
4.06586
3.23009
1.84919
3.43529
2.44109
3.81497
4.15957
4.24658
2.29153
3.83834
3.78992
3.21313
4.17259
4.47723
3.84638
2.02013
3.71266
3.15258
3.92088
3.77997
4.40967
4.09384
4.27057
3.16818
3.39841
3.42957
4.73811
3.03759
2.83431
4.13784
4.71165
3.16142
2.81281
3.68458
2.66802
3.67376
3.53269
3.3543
3.57531
2.13078
3.18401
3.84818
2.28892
4.69174
3.98278
3.89637
2.6598
2.90312
4.79585
4.09433
3.60571
2.9772
2.34178
4.15515
4.57855
4.2282
3.15171
3.06062
3.98131
3.61795
3.29733
3.29166
3.8666
3.29695
3.39612
3.55855
3.86985
4.01234
3.27594
4.46818
3.29613
4.16336
3.30601
3.20172
4.33684
3.33283
3.3918
2.41904
4.1007
4.12701
1.95132
3.60272
3.21351
3.98845
3.36228
2.59858
4.39563
3.61528
4.06598
2.67346
2.31692
4.19915
3.47738
4.30998
2.6165
3.37585
3.03623
3.0538
4.02139
4.10656
2.67049
4.38122
3.14528
2.69694
2.15207
3.80865
3.44202
2.76738
4.171
3.84094
3.13618
2.53009
3.30192
2.68498
3.16996
2.78805
3.88185
2.84675
4.07291
3.76144
3.54855
4.32787
3.7043
3.56137
3.97787
4.10347
2.38407
3.81086
3.09109
3.31794
4.27469
3.33286
4.05414
2.74161
2.24942
2.92478
4.61304
2.17339
3.35596
3.24972
3.42372
3.29225
2.94477
3.33348
4.27102
2.50427
3.22873
2.95214
4.29955
2.9526
4.04527
3.84573
3.24836
3.72156
3.43266
2.84189
3.32683
3.11694
3.17604
3.49675
3.18007
4.12176
4.66549
1.18849
4.15345
4.03286
2.70206
2.52873
2.97039
3.93948
3.3761
3.94692
4.31827
3.81793
3.55838
3.80396
2.11052
3.85519
2.35544
3.2622
3.30144
2.87465
2.88092
3.33441
3.77997
2.72906
3.94541
3.3476
2.61126
2.76778
3.61063
3.49312
2.87956
3.47947
3.70263
3.69578
3.95483
3.52512
4.0005
3.4759
3.50472
3.59762
3.604
1.96556
3.4631
3.35512
3.28123
4.10491
1.80494
1.92422
3.22986
3.59005
3.19617
3.36036
3.08799
2.72722
3.10031
3.07695
4.59078
1.81878
2.28042
3.41676
4.09777
3.24535
4.13803
3.53409
3.65175
3.93368
3.05093
4.44167
4.57721
3.79657
2.37615
1.73588
2.62553
4.24777
3.24564
3.87324
3.3489
4.03424
3.26723
3.32348
3.87082
3.04218
4.05667
3.26851
3.75773
3.56509
3.67148
3.3959
3.57514
3.43058
4.16523
3.36156
3.27888
3.38131
3.85346
3.79812
4.39149
2.95897
3.97602
3.83879
3.93095
3.98101
3.91733
3.51328
2.04978
3.77396
2.46996
3.61545
2.60084
2.45659
2.11451
3.11552
3.00574
3.86464
3.47874
3.76984
3.95188
1.91454
3.42542
3.40112
3.07849
3.99647
3.62523
2.65623
3.82049
3.80609
2.13203
3.03315
3.83796
3.1583
3.46875
4.41836
3.63379
2.72671
2.97152
3.5854
3.54151
4.22711
3.11246
2.34026
3.85739
3.97883
3.24152
2.6272
2.73462
3.13082
3.36386
3.10337
3.01036
4.12576
3.43618
3.5809
3.56154
3.73949
2.24841
3.99811
4.13655
2.98744
3.40364
3.46768
3.09314
3.10194
4.28764
3.40078
4.88977
3.99902
2.61889
2.18512
4.18221
4.29567
4.07177
3.28084
3.85377
2.24633
2.56359
2.67883
4.60334
3.12813
3.25654
3.41222
4.13165
3.35528
2.86478
4.26185
3.35003
4.28762
4.01237
3.28646
2.80102
4.07301
2.73867
3.70738
3.43077
3.91903
3.83166
3.32138
3.17579
3.6295
3.77221
3.77081
2.24111
3.40842
3.83813
3.12537
4.14434
4.00105
2.4245
3.48698
4.03974
3.34447
2.32628
3.74274
3.54698
4.22596
4.08885
3.23053
2.12944
2.86317
3.04667
3.15653
2.6088
2.81785
3.12793
2.51815
3.68761
2.61837
4.02477
3.33269
2.86426
3.46931
3.94827
2.5924
3.99097
3.13269
3.60511
3.71504
3.85787
3.94207
2.82769
3.42446
4.25399
3.70394
1.86886
4.33304
2.48243
3.42634
3.74518
3.79732
3.10474
3.18509
3.85129
3.92805
3.10073
3.04107
4.17667
3.90415
3.18573
3.7095
3.58887
3.94045
2.17096
3.29353
3.48512
4.2645
3.1466
3.89829
3.84101
3.16216
4.29089
4.21661
3.95472
4.14497
4.37143
2.77365
3.79525
4.0891
3.73176
4.21612
4.45714
3.603
3.50777
2.87609
3.25849
3.73643
2.95194
3.56549
3.30878
2.61362
4.67093
3.94029
3.69382
3.94705
4.82637
2.88449
3.90696
3.69862
2.98907
2.55579
3.63417
2.86493
3.26153
3.3948
2.90482
4.41368
3.29634
3.61335
3.42411
3.19318
2.68994
3.32554
4.49217
2.91629
3.27754
4.60315
3.13332
4.05703
3.3351
1.68475
4.08231
3.39629
3.60194
4.16843
3.06502
4.1204
3.50459
4.36841
3.24137
2.69047
3.40684
3.48204
3.72398
4.19057
2.36
2.7183
4.08521
3.48348
3.19861
3.99946
3.56423
3.79758
4.12554
4.11063
2.12519
3.85782
4.14805
3.09474
3.25219
3.72233
3.25082
2.21509
4.294
2.60288
2.72238
3.09443
4.23154
4.10242
4.63707
2.22168
4.03396
2.68313
4.33471
2.55312
4.00335
3.72999
2.95668
3.8557
2.86348
2.98356
2.80389
4.06648
3.64489
3.60029
4.10862
3.99249
3.98104
3.29929
4.32145
3.7333
2.77356
2.78237
3.80114
2.98995
4.31994
3.32616
2.73228
4.18425
1.97987
4.6188
4.60226
2.60247
3.84095
2.9636
2.24996
3.24169
3.59402
3.96234
2.56322
3.62374
3.09286
3.3948
3.62614
3.47678
3.65578
2.67563
3.66387
3.23063
3.93121
3.23688
4.0522
1.98061
2.75624
2.61855
4.62031
4.1437
3.01068
2.397
4.24735
4.18927
4.21332
3.23128
3.15062
2.8799
4.40766
2.9968
2.6667
4.50951
2.76065
2.51086
3.03028
3.74321
2.95037
3.73721
3.78472
3.27814
2.75131
3.22344
4.23569
4.14433
3.14465
3.24525
3.8633
3.57072
2.8485
2.72362
3.63526
4.32318
3.22464
3.23782
3.93208
3.01298
3.79421
2.43832
4.8319
4.6299
3.36338
3.62777
4.16748
3.36051
3.50213
3.47458
4.18235
4.66113
3.53976
3.02401
3.28786
4.16756
3.56651
4.80216
3.4655
3.64771
4.69671
3.9086
3.5257
3.2105
3.35267
3.83502
3.46707
3.83675
3.65548
3.82234
4.45912
2.99746
2.75401
3.3965
2.7174
3.32653
3.56781
4.36502
3.98193
3.29186
3.96375
3.98203
4.09539
3.45955
3.71724
3.52414
3.78549
4.11554
4.2491
4.18073
3.49389
2.88746
3.63581
2.81222
3.69177
4.20609
3.58894
3.49748
2.605
4.52836
2.99032
3.63709
3.83549
3.73478
3.44011
3.70016
3.74037
3.85924
3.78286
3.85005
3.3787
4.10897
2.92557
4.04499
4.30611
3.24045
1.41074
3.28007
3.57878
3.70242
3.07516
3.06974
4.23844
3.56689
4.66047
3.39232
3.77496
3.98218
3.69128
3.75841
3.01291
3.97264
3.96663
3.07052
2.16491
3.27323
3.51715
4.06758
4.36649
3.52734
3.91664
3.45343
3.48874
4.2706
3.52203
3.58262
2.72082
4.25985
3.18489
3.72404
3.53192
2.76382
2.38546
3.90705
3.39716
3.14395
2.80609
2.15921
3.69407
2.36658
2.46802
2.90896
2.89318
3.7984
2.51353
3.19031
2.87309
2.89714
2.38187
3.2483
3.63783
3.45402
3.28687
3.23035
4.29354
3.39392
2.20174
4.10012
3.69287
3.39019
1.95857
3.29988
3.922
4.1288
4.53436
3.17526
2.72351
3.51094
3.17954
2.79581
3.56487
3.859
3.48395
3.16259
3.0832
3.63914
3.86784
3.62188
4.48039
3.1132
3.90562
3.15489
3.62192
2.65952
3.54874
2.74539
2.91166
2.87787
4.13513
3.18173
3.93355
2.05417
4.00276
3.77025
3.18545
3.51604
3.75468
4.40384
4.61256
4.17681
3.97859
2.51892
4.48559
3.53112
2.023
3.04825
3.88596
4.28343
3.97935
2.92223
4.33493
3.15616
3.36968
3.4536
4.53595
3.05227
4.26973
2.57675
3.74516
4.17141
4.09402
3.8234
2.8819
3.67387
2.31159
2.56357
2.77618
3.75451
3.52794
2.35015
2.4635
3.83298
4.04359
3.97299
3.72801
3.05381
3.69504
3.92775
2.45288
3.90663
2.52682
3.13192
2.69299
2.83036
4.11275
2.23268
4.00799
2.47783
2.58938
3.87948
1.38851
4.06979
2.42133
3.61866
4.01998
4.57873
3.55093
3.81271
4.29314
3.88288
2.34226
3.50566
2.64095
3.5844
4.56959
3.64941
2.24845
3.95195
3.67779
2.7892
2.76547
2.47444
2.98846
3.73881
2.76641
3.57838
3.53485
3.99611
3.09958
4.57777
2.81084
2.57144
3.27824
3.87934
4.39501
3.38981
3.77074
3.30809
2.93369
4.11914
3.26047
3.60257
3.66253
3.51238
4.09343
2.03748
2.48807
3.51546
3.27545
2.85853
3.30125
3.13015
4.13186
3.84066
3.61687
3.85307
2.63362
3.44172
4.18197
2.72784
2.64481
3.78391
3.66758
3.9034
3.42121
3.93888
3.73062
3.36658
3.14977
3.81971
2.62324
3.95435
4.30409
3.22865
3.38449
3.7589
4.44512
3.84157
2.97268
3.26624
3.46104
3.94852
3.28867
3.72303
1.85599
2.27763
2.94509
4.6859
2.5839
3.80952
3.31251
4.3556
4.17664
3.55493
2.96945
3.51283
2.28771
2.88822
3.4901
3.92989
4.37133
3.58847
2.52643
3.60337
3.62384
3.1138
2.7722
3.21755
3.81388
3.80214
3.93949
3.69921
3.44124
3.8115
1.6294
3.86015
3.25921
3.39875
2.87215
4.18903
3.05326
3.41558
4.04632
3.72706
2.49136
3.31862
3.64982
3.7824
3.16103
3.69797
3.41494
3.62599
3.91677
4.00446
4.23158
3.26904
3.6318
3.25698
3.03288
2.70729
2.82999
3.4179
2.40346
4.59522
3.0289
2.97329
3.45834
3.0371
3.19194
3.86694
2.58069
4.6957
3.65105
3.95475
3.93747
3.46725
3.05149
4.74214
3.66688
2.52484
3.22584
2.82084
3.31967
3.01672
2.51816
2.995
2.09535
3.01092
3.23566
1.86563
3.01383
3.75538
4.72631
3.40904
2.95834
3.62567
4.53614
3.46959
4.27245
3.5801
3.79351
3.26063
1.89044
3.31541
3.60726
3.12081
2.72632
2.23361
3.06742
3.58205
3.5787
3.8332
4.01463
2.02473
2.56298
4.69021
3.22226
2.55242
3.53038
3.24672
3.30457
3.4155
2.77424
3.4523
1.96689
2.27906
3.58545
1.63743
3.87749
4.53697
3.38072
3.99733
4.84361
3.29184
4.22421
2.20043
3.8815
3.59803
3.30545
2.7911
2.78712
2.10785
3.37874
3.97326
3.84356
4.34225
3.00773
3.69436
4.19339
2.42835
3.00237
3.27693
3.72149
3.28143
3.18081
2.95839
4.26733
1.83575
4.03645
3.71006
3.45759
3.15434
3.63596
3.36731
3.25969
3.26229
3.50387
4.46724
3.79591
3.13516
3.76542
4.17406
2.692
3.36809
3.60144
3.96976
2.75402
3.53633
2.61769
2.93915
3.72712
3.94105
3.10864
2.87621
2.92121
4.08014
1.20313
4.00109
3.16662
3.58823
4.04895
3.75942
3.89009
3.65328
2.72657
3.99328
3.267
3.82157
2.33004
4.14959
4.18256
3.55649
3.94035
4.14509
3.55674
3.20761
3.6798
2.76906
3.59288
2.98031
1.23454
3.55388
3.84981
3.49798
2.69558
3.33641
3.77226
3.23525
3.70508
3.14706
4.02247
3.95996
3.12602
2.95792
3.62338
3.05011
3.48769
3.74813
4.04891
3.44775
4.07265
3.29487
2.78455
3.379
3.92507
4.03152
4.01784
4.5505
3.95802
3.20392
3.80122
2.69384
3.36367
1.97995
3.10848
3.90745
3.15031
3.26722
4.12795
4.66732
3.71732
4.98266
4.277
3.48764
2.20866
2.58522
3.67453
2.63369
2.68746
2.7918
2.33675
4.34094
4.63021
2.81973
3.753
3.72907
3.20443
3.83549
4.13666
4.45433
3.49235
3.73366
3.55487
3.05639
3.57795
3.96197
3.49921
4.37504
3.00949
3.49615
3.27386
3.20761
3.91732
2.18876
4.08382
3.26972
3.70939
2.00368
3.6868
3.55157
4.1813
3.20794
3.4255
1.75504
3.35328
3.62494
3.06069
4.354
4.5107
3.73248
2.95109
2.918
4.21165
3.88739
4.25415
3.43431
3.00624
3.7016
3.60072
4.07703
4.20547
3.34668
2.81959
3.09759
2.92009
4.1143
2.14002
3.30811
3.66664
3.78909
2.78128
3.97352
3.45546
3.58045
3.93014
3.71147
3.80589
2.79496
4.37163
4.49489
3.30575
3.54027
4.07596
4.3908
4.53221
3.0433
2.75019
2.92915
3.39063
2.48122
3.79308
3.97632
2.90702
2.16266
3.10861
4.27848
3.91383
2.64996
3.8893
3.50777
3.59398
3.88891
3.34492
3.36768
3.16656
3.10562
2.24655
3.26312
4.04574
2.83561
2.93748
3.57487
3.23627
2.77984
3.87977
3.70326
3.93829
4.07753
3.58158
3.50012
2.74955
3.83789
4.01194
3.77011
3.85578
4.21986
3.18393
2.96173
3.13042
3.47414
3.15575
4.2812
3.76503
3.74533
3.5481
4.27967
3.78881
3.79319
3.547
3.57157
3.62456
3.72591
3.77554
3.60017
3.60251
2.62087
3.35652
3.533
4.27273
4.38294
3.97635
2.9854
4.29674
4.20675
3.31623
3.21449
2.83117
3.81433
3.03813
4.15934
3.117
3.96437
3.91688
2.86921
4.40658
3.17635
2.67496
3.29823
2.6469
2.75906
4.01029
4.175
1.6355
4.15221
2.82889
4.01037
3.3385
4.73401
3.35596
3.89042
4.32698
4.34844
2.75383
3.14497
3.09135
4.00379
3.34247
3.94493
3.71664
3.77686
3.16453
2.99352
3.75205
3.10961
3.90424
3.82862
3.30327
3.9265
4.33931
3.37855
3.54026
4.48289
2.72726
3.794
3.99914
3.38098
2.88227
3.50754
3.52189
3.85447
3.55229
2.73863
2.28386
2.387
3.51179
3.37057
2.86801
4.13113
3.77028
3.7133
4.21356
3.5034
3.75701
4.39854
3.07472
3.90683
3.91828
3.33997
3.5689
3.34248
3.31846
4.09765
3.26578
4.21565
3.85491
3.33839
4.1968
2.90918
3.93053
3.95608
3.12691
3.13292
3.28729
2.37267
3.64956
3.30152
4.36011
4.74642
3.84904
3.52361
2.60947
3.31721
2.97946
3.53215
3.30568
3.25852
2.6079
3.99538
1.79667
2.33967
4.32262
2.3288
3.8846
2.27562
3.47059
4.40454
4.49791
1.96734
3.63189
3.44117
3.9888
4.59787
2.99721
3.86351
2.77406
3.75506
3.12004
3.49144
4.78207
3.57169
4.21644
4.04672
2.84962
2.87964
3.07701
2.185
4.0006
2.52801
4.00259
3.82297
4.21012
3.54565
3.61672
2.68504
3.92855
3.1678
3.90546
3.92145
3.59679
2.93442
3.57212
2.33936
3.70705
2.55791
3.86975
3.66043
3.55041
4.29244
2.83294
2.83577
4.02082
2.14993
3.84927
3.04507
2.94124
3.17844
3.60672
2.94785
4.27153
4.38976
2.21544
4.05982
2.8349
3.56395
3.58062
3.22426
2.91035
3.01415
3.38059
2.76906
3.6227
3.83235
3.22492
3.11424
3.12859
2.86765
4.26895
4.13143
3.60193
2.34718
2.83392
3.61597
3.73233
3.41449
2.99664
4.41174
2.20695
3.51297
3.72875
3.96193
4.17397
4.10636
2.66936
2.20987
2.68868
2.91637
3.19748
2.74763
3.69757
4.32223
3.02171
4.53737
3.81069
3.55606
3.47142
3.04712
3.27469
3.25677
2.70383
2.97204
4.08669
3.30248
4.34175
4.27418
3.57792
2.44142
3.83199
3.80049
2.32028
3.27618
4.26147
3.54698
4.76838
2.04736
4.08005
2.11107
4.39
3.44933
4.31835
3.84205
4.26622
3.25553
2.0847
3.23515
3.70366
4.05967
3.73725
3.82342
3.06024
3.7542
3.08498
1.6615
4.31362
3.15968
2.30826
3.30737
4.27976
2.77604
2.93406
3.69526
2.62607
4.02563
4.19036
3.03759
3.1763
3.73806
3.48924
4.23202
2.8709
3.53022
3.79405
2.11074
2.0288
3.79309
2.85785
1.90426
4.13608
4.03036
3.39048
2.78241
4.19521
2.99726
4.25726
3.98523
3.26677
3.81639
4.13153
4.17905
3.19891
3.91953
4.19144
2.8396
3.71842
2.58968
2.23828
3.70297
3.36353
3.44652
2.78683
2.75934
3.35238
3.42172
4.18264
2.95449
2.94781
2.54413
3.72482
4.63554
4.06623
2.59083
3.38182
3.83618
2.7464
4.17316
3.38485
4.74794
3.6549
4.13482
3.59731
3.75893
2.59062
3.88055
2.96089
3.41715
4.16332
3.03024
4.12678
2.65816
3.37031
4.70242
2.92373
1.65637
2.85101
2.91739
4.43793
4.23694
3.77638
4.17712
3.80119
3.69629
3.58554
3.78619
3.78027
3.07989
1.87729
3.82827
2.36683
2.77635
3.96922
2.32639
3.15838
3.67877
3.16145
2.95377
3.46342
3.09831
2.36154
2.56875
4.31735
3.07229
2.92758
3.3393
3.09932
3.24206
3.59352
3.6118
2.01395
2.14296
3.31726
2.14028
4.19122
3.97546
3.14332
3.54105
3.94827
2.86721
2.91399
3.09654
3.97078
3.26297
2.84998
3.09416
2.19991
3.73188
3.22911
4.06112
2.51289
3.40979
2.60601
2.89536
3.28071
3.64095
2.19288
3.40778
3.37915
3.98366
2.23361
2.905
2.42045
2.87609
3.92193
2.43485
3.00142
4.00109
1.92069
4.25204
4.45763
3.33187
1.71084
2.80129
4.01374
4.67566
3.23348
3.56675
3.69903
2.96103
4.02706
2.74575
3.29531
3.27443
3.88913
4.45054
4.14905
2.9542
3.2947
4.07914
3.02837
3.1685
4.11699
2.83743
2.9378
2.65686
4.15936
2.63273
4.07685
3.77788
4.82285
4.14377
3.27723
3.19091
4.06579
3.47508
3.41923
3.29065
3.68313
3.76249
2.11896
3.58352
2.63707
4.1876
3.36927
2.73524
4.41309
3.19111
3.48463
4.50529
2.98216
3.38231
3.82942
3.83527
3.51884
3.1217
3.71379
3.63684
4.15793
3.57146
3.48261
3.22499
3.89832
3.59889
2.61343
2.87402
3.36985
3.09082
4.05984
4.19686
2.8937
3.10682
4.24962
2.20214
4.15912
3.91669
3.21838
3.21759
4.17853
2.67565
3.67987
3.36641
4.23853
4.18192
3.09378
3.16836
2.82874
2.9289
3.22043
3.41792
2.92032
2.88912
3.4998
3.65108
3.39321
2.84901
3.72345
3.15302
2.64837
4.45312
3.42581
4.32039
2.44718
2.21176
3.80665
4.008
3.86194
3.73027
3.77302
3.44406
4.72753
2.54495
3.19147
2.99032
3.7046
4.02028
1.74739
4.46057
2.24845
4.7494
4.23986
3.11196
3.5238
3.57765
3.90784
4.08524
3.92494
4.03624
2.24804
2.3532
3.74824
4.02399
3.64564
4.17047
1.82428
4.11658
4.67296
2.94672
3.77295
4.46165
4.71647
3.67456
3.61193
3.92536
3.69215
4.48679
4.13038
2.99159
4.67559
3.02201
4.08639
3.47555
4.0789
4.20173
3.64937
4.08311
3.06251
3.46942
4.21386
3.01059
4.38158
3.77832
3.85968
3.59474
3.28879
3.65451
3.41317
2.86633
3.87304
3.48387
3.32118
3.99897
3.14198
4.11843
4.03223
3.33842
2.48967
3.30224
2.72469
3.61738
4.08611
3.00306
2.1838
2.82828
3.8424
3.50106
4.45396
2.89566
2.22287
4.26186
3.63182
2.43843
2.19223
3.61967
3.92174
3.9501
3.09762
3.31127
3.24075
3.0759
3.94542
3.7885
3.81278
3.74235
3.7439
4.61589
4.49863
4.44532
2.83601
2.36412
4.03034
4.36829
3.6465
3.33188
1.79645
3.67194
3.25701
3.96111
4.45842
2.88394
4.22099
3.38169
3.11457
3.34984
3.75363
4.72111
3.75379
4.8684
3.11849
3.32041
3.3823
2.52132
3.20468
3.21688
4.04819
4.03989
2.7882
3.60374
3.60122
3.05515
3.77083
3.91805
4.42859
2.43395
3.61158
2.80748
3.77427
2.75575
3.46896
3.8245
3.62251
2.59261
4.34881
2.56061
3.78543
2.73119
2.93383
3.21265
2.82754
4.07916
3.10602
2.03148
4.35613
3.88766
3.06483
2.52725
3.60019
3.21332
3.79005
3.3262
3.78639
2.94731
4.00137
3.74085
3.08659
3.12268
3.98417
3.61439
4.00147
3.40002
3.34909
1.72124
3.09508
3.14753
3.71993
3.70837
3.25716
1.91697
3.83766
2.76171
3.96092
3.09213
2.40472
3.23793
3.45182
2.53702
2.65844
3.22419
3.25631
2.84693
3.22664
3.09315
3.52435
3.10733
4.14125
3.45066
2.87089
3.55366
3.52026
4.29182
2.97364
2.43531
3.41928
3.39831
3.691
4.22095
2.99028
3.25806
3.44685
4.14006
2.64763
3.42696
3.39511
3.11826
3.11712
1.79204
3.88584
4.09663
2.62777
2.95459
4.7285
3.1709
3.67929
3.14157
3.10243
2.81349
4.18556
2.54661
3.49956
2.86719
4.10857
3.93755
3.54323
3.1768
3.67266
3.0764
4.64337
3.54018
3.36691
3.66455
3.76249
3.93406
3.2482
2.97673
3.85062
2.79764
3.43884
2.65696
3.69279
4.49181
4.16428
3.75273
3.02212
3.56725
3.27013
3.65705
3.13174
3.64694
3.31876
2.79472
2.18896
2.74978
2.33805
1.07132
3.72407
3.99714
3.6502
3.32131
3.90277
2.24888
3.9367
3.74295
4.25012
3.86881
2.54662
2.72774
3.96381
3.60598
2.7229
4.39193
3.03348
4.04097
3.30996
3.37206
3.13684
3.26413
3.56766
3.44958
2.59462
2.85453
3.71033
3.56662
3.78172
3.85411
4.08349
4.06003
3.74527
4.31455
2.88211
3.80845
4.00213
4.41931
3.40399
3.81943
3.60226
2.73092
2.75392
4.49912
4.05161
3.98058
2.97104
3.74084
3.70376
3.71887
3.07131
3.3894
3.89154
3.75515
3.63015
2.45447
2.49255
3.18376
3.31603
3.52252
4.15433
3.18938
3.75154
3.29842
3.41167
3.88777
3.01597
3.67422
3.43359
3.3414
3.53926
1.92832
3.70133
4.2003
2.75362
3.20374
4.75151
3.9128
4.28239
2.98751
2.47809
2.38244
3.70282
2.24822
3.25194
3.88158
4.1396
3.02919
1.76203
3.06504
2.84333
3.77167
3.87007
2.19285
2.76705
3.68091
1.22133
3.92852
3.33951
3.10405
3.75246
4.81119
4.74909
3.08364
3.8504
3.32722
3.33603
2.55249
4.39502
4.35052
2.40522
4.32139
2.44982
3.9827
2.45656
2.75248
3.50311
2.79197
4.36525
3.27774
3.0952
2.52372
2.15133
2.92192
3.29432
2.71276
4.33355
3.93127
2.54344
2.80367
3.0023
2.2946
1.84599
2.82315
4.41686
3.81277
2.97777
2.90314
3.96464
3.14015
3.28274
3.25694
4.2506
4.37406
3.51942
3.72428
3.51632
2.63262
4.37288
2.73769
3.18556
3.41281
3.74323
3.81972
2.15463
3.88241
3.52403
3.04345
4.15934
2.70918
2.53521
3.67855
3.54754
3.54955
3.17024
2.73887
3.99366
3.85157
2.29611
4.47918
2.50208
4.26219
3.79773
3.04836
3.07019
4.13787
3.66422
3.68635
2.70921
2.36395
3.18503
2.2565
3.97128
3.10401
3.08641
3.07734
3.90611
3.094
3.71516
4.29086
3.11004
3.30654
2.94853
3.31796
3.84654
3.72023
4.31299
3.44284
3.77585
3.40792
2.13798
3.4389
3.31048
2.76898
4.14634
3.24486
3.0704
4.12501
3.33465
3.952
2.62692
3.18869
3.87967
3.71613
3.6213
4.20719
1.55727
3.40765
4.33368
2.9134
4.25807
3.53951
4.13437
3.4836
2.94883
3.7088
3.2915
3.03654
3.62167
4.00088
4.27275
3.84
3.94892
2.98328
3.62907
3.48066
2.69617
3.32113
3.63486
3.97838
4.5016
3.55293
2.76986
4.33039
3.4543
3.89786
4.4794
2.09608
4.44399
4.30329
3.92978
3.4179
2.68637
3.45703
4.17676
3.87076
2.56556
3.72136
2.863
3.35126
2.54524
3.57024
2.64994
4.28131
2.53111
2.75973
3.95292
3.31401
2.58536
4.29564
2.26932
4.34285
2.97359
3.82187
3.98218
4.58644
3.37662
3.89005
3.06956
3.5282
3.82484
2.79817
2.57847
3.76498
3.3321
3.61109
3.81741
3.71217
3.66977
3.01413
3.74799
2.55291
3.09444
4.0574
4.37129
2.81412
3.33068
3.86553
3.49766
3.51996
4.22933
2.89607
2.83407
4.59582
3.38873
3.39591
3.89185
3.58558
2.69007
2.73369
3.70513
2.95896
3.00733
3.11908
3.20994
2.88405
2.69802
3.68438
4.28382
3.03591
4.37836
2.00158
3.78487
4.03596
4.11749
3.49768
3.6479
3.24122
3.23401
3.7659
2.87486
2.46545
4.0545
4.40333
4.43848
3.43962
3.1555
4.08906
3.20518
2.70674
4.30884
2.7807
3.88661
2.721
2.94543
3.41455
3.59339
2.74054
2.30177
3.72431
3.43797
4.17935
3.93598
4.54745
3.37772
3.27511
3.80527
2.4701
3.83387
3.62317
2.69632
3.55894
2.88954
3.25716
4.13957
3.93889
3.58089
3.60612
3.70908
2.50191
3.47258
3.79653
3.52978
3.24348
3.28576
3.51228
4.33894
2.88824
2.92287
3.93599
3.41317
4.17692
2.80244
2.58627
3.38821
3.72161
3.41394
3.72833
3.65823
3.66237
2.51652
3.42698
2.40426
4.23231
4.07416
2.84568
4.17545
3.44439
2.65865
2.60455
2.57491
3.67353
2.35258
3.21464
3.79496
4.7823
3.79856
2.76397
4.11977
3.97682
2.50681
2.54508
3.84881
3.93466
4.41621
3.57715
3.53024
4.27465
3.97667
3.05886
3.71719
2.69582
3.33491
2.81504
