3.73376
2.97994
2.12734
3.2475
3.56923
3.85521
4.33609
2.72681
4.08762
3.14172
3.8865
3.78046
4.12955
2.70791
3.31504
3.26924
3.1284
3.81764
3.14191
3.69916
4.47129
4.46247
4.25229
3.20574
3.65309
4.01661
3.72729
2.689
3.06898
3.97966
3.883
3.48733
2.8054
2.48326
4.3033
3.24565
3.88493
3.95489
3.45816
3.83843
2.99079
4.01062
2.73824
3.6883
3.84905
3.75841
2.75165
3.50489
3.97104
4.61463
3.48883
3.40363
3.57012
4.06555
1.91633
4.14239
3.90306
3.26875
3.86872
2.75979
3.54611
3.46583
4.0966
4.21337
3.79595
4.06888
3.5563
2.16612
3.01453
3.86098
3.55165
2.94872
4.13501
4.35863
3.84785
3.3101
3.75692
2.55529
1.91781
3.62197
2.55063
4.05528
3.59247
4.64553
3.28845
4.19767
2.92669
4.00035
2.61707
4.34569
3.27362
2.79378
3.33782
4.40482
2.82445
3.89002
4.22983
3.08375
3.81303
2.22699
4.49415
3.97604
3.91248
3.21092
3.62158
3.92241
3.32571
4.25542
4.22462
3.56627
3.76185
3.44359
3.08271
2.7956
3.85261
3.13169
3.73492
3.47597
4.2184
4.68282
4.3737
4.13266
3.34739
2.80829
4.65409
3.14701
2.38833
4.12914
3.38578
3.53392
3.35765
4.55768
3.91941
4.0054
2.73046
4.30189
3.83637
2.849
2.88526
4.64334
2.77909
4.09223
3.69804
3.41355
3.77987
3.80098
3.66762
3.0885
4.10378
3.49042
3.93144
4.08659
2.78089
3.59652
2.17786
4.02027
3.19605
3.2997
3.19201
4.68987
3.57713
3.47751
2.46577
3.25532
2.16985
3.47165
3.16482
4.14225
3.77568
2.97075
3.58034
3.02304
3.58063
3.42462
3.9483
2.92014
3.28128
3.75176
3.9932
3.8689
3.93671
3.88877
4.3882
3.53812
3.70495
3.74627
2.63343
3.84849
3.12233
1.93774
1.89993
4.05715
2.88036
3.31647
2.8351
3.13459
3.32911
4.09618
3.34624
3.27458
2.61685
3.59747
2.36351
3.09292
2.63882
3.4456
3.2854
3.32079
2.13991
2.10187
2.50166
2.90707
1.89591
4.74631
3.04391
4.14623
3.0533
3.45803
3.76172
3.20213
3.52309
3.63989
3.13079
3.17958
3.34053
4.02146
4.04607
3.79799
4.57203
2.90238
3.28818
3.67329
4.06538
3.64799
3.16583
3.57986
3.75341
3.7739
2.4094
3.20324
3.36884
3.56332
3.28126
3.30723
3.06388
3.79003
3.09944
3.52773
3.65007
4.05367
3.22627
3.22288
3.40239
1.82228
2.60177
3.4346
2.67178
3.73505
2.7127
4.34547
3.69486
2.99124
4.51063
3.79488
3.85402
3.60637
3.48601
2.97821
3.6061
3.50454
3.9686
4.37981
3.34977
3.81428
3.6572
3.45422
3.31744
2.8212
3.30206
3.28287
2.90732
3.6793
2.36756
2.86476
3.06466
3.97564
2.86803
3.90586
4.00406
2.72694
3.23094
3.33768
3.62723
3.44648
2.83303
2.19321
2.19474
1.91953
3.58829
3.49817
3.73238
3.18509
4.65463
3.19343
3.98961
2.99705
2.47922
3.68834
3.67729
3.62517
3.58976
4.0223
4.38863
3.62232
3.97098
2.59915
3.09203
3.31104
3.61486
3.36986
2.96317
3.77015
3.06652
4.99092
3.2268
3.85895
3.37483
3.58602
3.45756
3.75195
4.48647
3.09468
4.13908
4.56671
2.7977
4.05032
2.70901
4.14815
3.07396
3.74613
4.38615
3.4339
2.94445
3.55227
3.18495
3.94893
3.27264
3.41838
3.86956
4.17414
2.9343
2.75734
4.13686
2.47935
3.40142
3.23747
3.38062
2.2947
4.01209
2.02553
3.24855
2.36183
3.36087
3.78003
2.34197
2.81631
4.25551
3.75247
3.22283
3.34162
3.96705
2.76309
2.5031
3.77491
3.18355
3.96614
3.30368
4.30728
3.647
3.49799
3.30343
3.72436
4.35111
4.05439
3.03406
3.23862
4.15435
4.22945
3.47241
3.69623
3.72797
3.94927
3.06965
3.20347
2.17565
3.59069
2.63424
3.62696
3.40842
4.6222
2.73434
3.87703
3.75061
3.81957
4.07523
3.39562
3.33258
3.88971
2.90039
4.15175
4.19765
3.8168
3.54587
3.23892
2.41168
2.2832
2.61857
2.33477
2.25418
3.55604
2.56864
3.29432
2.65212
3.74499
3.10532
4.01906
3.4919
3.68546
4.07608
3.01788
3.13279
2.84379
2.74066
3.75146
3.57749
3.1976
3.49682
3.91169
2.58659
3.29086
3.07109
2.43767
3.19863
2.85266
2.50152
4.06737
3.09916
2.90573
3.80268
3.89219
2.15845
2.76125
3.73738
4.029
3.86185
2.43011
2.55659
3.29964
3.99709
3.62122
3.30624
2.49829
3.47892
3.50543
3.77907
4.04144
3.69482
4.65928
3.66433
3.7652
4.29712
4.2961
3.48405
3.36784
3.371
3.45255
4.03836
3.11412
3.47822
2.87591
3.70405
3.951
1.51904
3.18876
3.02371
3.20216
3.62377
3.61146
3.7121
3.49075
3.9167
2.57094
2.17429
3.40683
4.08081
2.13302
2.53405
3.93325
2.88821
2.63185
3.86594
3.5266
3.58504
4.04712
3.21908
3.94756
4.00133
1.91306
2.88392
1.65809
3.68433
4.32283
3.43619
3.66744
3.45215
4.61548
3.04125
3.58277
3.68134
4.36613
2.4394
2.55126
4.26772
4.12764
4.27559
3.84899
3.69887
2.88118
4.04711
3.93996
3.628
3.37254
3.26561
4.62162
3.20039
3.62413
3.11554
3.90136
3.90798
3.13666
2.8983
3.85112
3.19368
3.0765
2.95838
3.09567
3.8543
3.60917
2.70249
3.614
3.71556
2.16485
4.43617
3.63532
3.66277
3.26825
3.80349
3.54599
4.14534
3.50736
3.73151
3.18724
3.81315
3.46986
3.35896
3.6481
3.69369
4.3604
2.87242
3.22195
3.60356
3.13862
3.61088
3.23976
3.16861
3.29287
2.44649
3.40016
4.14956
2.41581
2.71611
2.98828
4.25251
4.02181
3.21836
3.25746
2.86732
3.9113
3.41374
3.03436
2.64114
3.11737
2.41308
3.47662
2.51807
4.45157
4.48794
2.3379
3.52701
4.86812
3.51407
4.17743
3.51179
2.63639
3.5311
3.48512
3.93582
2.93574
2.69144
4.53996
4.08406
3.09504
3.19899
2.43832
3.97258
2.39455
4.42351
3.86669
3.99119
3.27365
4.2722
3.49022
3.18133
3.68342
2.8402
2.98976
2.90042
4.14753
3.9067
3.13247
4.22683
3.64407
4.02133
3.97807
2.38873
3.46237
3.81873
4.46076
3.65367
3.17442
3.1336
2.99599
4.09706
2.79792
3.84751
4.58561
2.96633
2.31242
2.84594
4.1253
3.2576
4.40831
3.84956
3.61024
3.88267
3.54939
2.39878
2.73498
2.9551
3.52746
3.05665
2.70711
2.41646
3.47854
4.14874
2.40905
3.45049
2.75963
3.1795
3.29446
3.40301
2.23943
3.96339
2.63258
3.72545
4.45907
3.3484
3.44281
4.1042
2.47835
2.65284
3.83915
3.95551
3.70925
2.75853
4.6524
3.65727
2.92589
4.04597
3.44858
1.84529
3.39881
3.46297
4.55246
2.65394
3.75173
3.28396
3.65309
4.45111
3.79501
2.90073
3.6146
3.17191
4.4541
2.49751
2.93665
2.60935
4.07241
3.80025
3.19463
3.95613
3.81651
4.11625
3.87531
4.62248
2.99524
4.37252
3.85603
3.60026
4.22789
4.16345
4.06521
3.66122
4.26299
3.79182
3.7143
4.88281
3.41736
3.87243
2.99727
3.24012
3.08248
3.76372
2.06694
3.72532
2.60612
4.54371
2.90942
4.10832
2.91563
3.43766
4.01548
2.76185
2.0485
4.23098
2.90513
3.32965
3.3494
3.49729
3.15472
2.9102
3.79525
3.75637
3.24719
3.39752
2.69931
3.89845
2.81182
4.01064
3.30642
3.46222
4.32478
4.08378
3.25552
4.11626
3.22782
3.52675
3.30559
3.56263
2.99418
4.1166
3.18483
3.85745
3.66949
3.0135
4.02277
3.47712
2.74898
4.36888
4.4783
4.00431
3.74394
2.92059
3.5722
2.68873
2.72866
3.391
3.90232
3.16942
3.21819
1.33152
2.37945
3.25775
3.89606
3.41467
2.86658
3.79587
4.40229
4.06954
3.65048
3.27577
3.34274
3.63854
4.47332
3.7205
2.99462
4.46776
3.92607
3.1788
3.06135
3.44371
3.94949
4.45446
3.3252
2.68455
3.46913
4.05533
3.26125
4.04455
4.3686
3.85094
3.78779
3.51566
4.86284
1.60413
2.90921
3.43778
3.72246
4.28484
3.05404
3.65273
3.21898
2.83534
2.13402
3.88515
2.72952
2.89626
4.00841
4.63471
2.98708
2.43523
4.11701
2.63224
4.35729
3.21452
3.92827
3.19909
3.30993
3.38695
3.3538
3.81576
3.70701
2.85796
3.41918
2.97862
2.78432
4.49333
4.16044
3.84572
3.59365
3.52343
3.97986
2.17727
3.37854
2.42723
3.57182
3.08226
4.33236
3.34895
3.41531
3.55818
2.98397
3.64632
4.07012
2.06644
3.99113
4.70913
2.51684
4.02355
3.68971
4.25648
2.6181
2.6487
3.98797
4.61183
3.82272
1.92952
2.61705
4.09585
3.733
3.20689
3.99189
2.89524
3.86167
3.63461
3.51645
4.3889
3.60022
3.82752
3.95517
3.72403
3.125
2.7861
2.39117
2.07256
3.50744
3.32209
2.39192
3.97873
2.77465
3.72174
2.62896
3.72503
2.16919
4.12586
2.94553
2.95803
2.86739
4.54654
3.93076
4.01265
3.12582
4.66047
3.90355
3.32773
3.40585
3.54167
2.88065
3.57219
4.13731
3.65125
3.53621
3.93064
3.19405
3.16908
3.38015
3.17256
3.45097
2.16421
3.29545
3.20252
3.27945
4.17813
2.33962
4.01017
4.04215
4.04834
3.60378
4.17755
3.68471
4.19925
2.83924
4.30459
3.4998
2.21253
3.1462
4.2104
4.18752
3.29233
3.83504
4.07151
3.74311
3.8642
3.24025
3.16769
3.46851
3.47257
2.90795
4.26001
3.35382
2.87304
3.30949
1.26476
3.86302
3.27582
2.91225
4.71559
3.66761
4.02136
2.77219
4.78121
4.42528
3.36649
3.94636
3.87231
3.5149
3.67287
3.87464
3.79962
3.75479
4.12613
3.21257
2.65179
3.67578
3.20832
4.08104
2.3784
3.1341
2.99734
4.37127
3.30613
3.59969
3.91153
2.48784
3.31878
3.56677
2.80415
3.1068
4.03633
3.20996
2.8615
3.68267
3.99418
3.64996
3.92534
3.67444
4.11314
3.81587
2.3769
3.1804
3.36392
4.24113
3.47952
4.33676
2.81111
3.41734
2.3828
2.54518
4.47512
3.96534
3.72451
3.11586
3.27747
3.03601
4.08297
3.79315
3.0209
2.55822
3.34594
2.93683
4.26868
2.38813
3.91696
4.38658
4.03126
3.57359
3.07654
1.60819
3.73115
3.18282
3.4575
4.43323
3.49803
3.26803
4.10958
4.50915
3.57394
3.18243
3.41853
4.06089
3.23496
2.87412
3.18794
3.37447
3.69445
3.39487
4.13705
2.81051
2.95401
4.03888
3.5978
3.05217
2.94381
3.14851
3.41535
3.55837
4.17398
4.26628
4.48597
2.48157
4.02371
4.00112
2.8996
4.78257
3.08533
3.58163
3.80588
3.90045
3.06224
3.13068
3.9169
3.07299
3.81395
3.2262
2.57351
3.58789
3.97822
3.99329
3.19289
3.44038
3.74509
3.28107
2.94186
4.05139
4.33871
3.49644
3.72563
2.74592
4.14203
2.74582
4.2119
2.81995
2.8408
3.37896
3.51664
3.40082
2.30589
3.51808
4.07963
2.73426
3.41259
3.6282
3.16363
3.36285
3.19365
3.97362
3.05374
4.11572
3.21831
3.59174
3.47773
4.0609
3.29484
3.45859
3.70013
3.09769
3.38561
3.90922
3.73073
1.83821
3.27898
3.93948
3.40938
3.26965
2.50913
3.27226
2.85799
2.82182
2.74102
2.28761
4.37433
4.3758
4.46776
4.11899
4.04061
4.0954
4.39038
3.50021
4.19559
3.39578
3.30999
4.15178
3.9503
3.6515
3.3712
4.05791
4.14483
3.55121
3.52789
3.02635
4.06114
3.04376
3.55152
3.89348
3.14634
3.661
3.60946
3.20419
3.80774
4.00138
3.53107
2.90156
3.05329
2.11123
3.72222
2.82415
1.77661
3.78532
3.17536
4.19322
2.78258
3.51594
3.97842
3.83602
2.68874
3.28742
3.85726
3.37763
3.08889
3.37822
3.2565
3.78505
2.93578
3.46632
3.99957
3.96495
3.38256
2.88403
3.32332
3.05584
3.93826
3.51538
2.72122
3.87515
3.1327
4.50704
3.96192
4.23793
3.16355
2.09376
3.62773
3.56118
3.83373
3.40422
3.04009
3.27904
3.19282
3.00536
4.71643
2.8381
4.27381
2.9038
4.10682
3.36034
3.19553
3.18262
3.03638
2.64374
3.62528
3.05785
3.46542
2.9167
3.62019
3.96157
3.42174
4.2389
2.35461
2.88977
2.40815
3.12346
3.79033
1.66096
3.97233
3.89197
2.92305
3.84465
2.83468
3.01264
4.59396
3.71571
3.15729
2.54056
3.74913
3.08708
3.61706
3.39445
3.40139
2.42442
3.11437
1.87883
3.1797
2.79451
3.72653
3.72211
3.92089
4.11133
3.63736
4.56411
3.2825
4.64731
3.22975
3.45927
3.99238
3.04514
4.41677
2.0526
3.46037
3.24756
2.59376
4.01408
3.30507
4.00691
2.9718
3.54779
3.48265
3.24232
3.25342
4.92294
3.40888
2.79742
3.45791
4.60373
4.33721
3.23932
3.78809
4.1617
3.19021
2.61533
2.84241
2.92083
2.94573
3.30769
2.54535
3.43895
3.59318
3.23668
2.61008
3.91133
3.60596
3.34513
2.33361
3.00249
4.18871
3.67863
2.80799
4.44777
3.83443
3.43536
3.14924
3.62849
2.3075
2.9689
3.97786
2.99972
2.96487
3.15876
3.77221
3.58329
2.52239
4.14289
3.73852
3.85824
3.5265
3.46458
4.0728
1.64502
2.95725
4.40369
3.23653
3.57283
3.28605
3.87616
2.52143
4.0855
2.97173
3.28688
3.78878
4.08713
3.14896
2.98921
2.89437
2.83357
2.39264
3.74522
2.3793
3.47713
2.99513
3.78441
4.10086
3.06959
2.795
3.15237
2.83911
3.17829
2.57845
3.51546
3.50746
2.53777
3.433
3.68731
2.40869
4.13569
3.22958
3.82768
4.80256
3.61496
2.86674
3.64805
4.39485
2.48447
3.24942
3.38138
2.55065
3.29185
2.62023
4.81015
2.54592
3.5242
4.29152
3.46262
3.80911
2.69769
3.73913
2.83282
3.03185
3.17275
4.0068
4.38014
3.69859
3.48221
4.00539
2.80696
2.5112
3.67918
3.65147
3.3375
3.52989
3.61194
2.4179
4.18467
3.42224
1.86841
3.66815
3.53413
3.76397
2.54801
3.408
3.83238
4.08025
4.44616
4.36419
4.18169
3.36516
3.26545
3.01639
3.47926
3.40185
3.9944
3.79238
2.78732
2.74034
2.42692
3.60002
3.79611
4.2316
3.80549
3.4563
1.90211
3.49633
3.53906
2.51238
2.25369
1.74146
3.88749
3.82647
2.44918
2.63359
3.84677
2.01815
3.27143
3.94224
2.85795
4.05268
3.18272
4.08268
3.6373
3.58221
3.42258
2.67156
3.84687
2.1436
4.4636
1.92127
4.41955
4.26162
3.45653
4.55038
3.12022
2.74052
4.07139
4.76696
3.22305
3.7307
3.03825
3.13491
3.10169
3.88771
2.08792
3.3499
3.78649
3.27119
2.13239
3.03404
3.21632
4.42555
3.9687
3.86969
3.08922
3.87003
3.54934
2.30871
3.29547
2.82088
3.48668
3.41746
3.88831
2.23178
2.87955
2.73929
4.81724
3.40637
3.72959
2.69345
4.16765
3.9942
4.33368
3.29698
3.09228
3.20065
3.17797
4.28665
2.83711
4.0816
2.23936
2.5806
3.24147
4.75284
3.91621
2.38824
3.97698
4.38121
3.72486
4.32512
3.68598
3.94969
2.85714
3.52923
1.89837
3.05811
4.10553
4.16641
3.73946
4.19783
4.18692
3.41076
4.17367
2.22923
4.54344
4.0394
3.56383
3.30709
3.95494
3.45383
3.86777
3.26353
3.50425
4.60312
2.74006
2.92064
3.54786
2.78524
4.11095
3.62705
4.22078
3.56625
3.13562
3.24376
4.13926
3.67461
3.41442
3.50053
3.61803
2.77045
2.58117
3.56625
3.11948
4.00075
3.18978
3.55969
3.51082
2.87683
4.00409
1.33888
4.02658
3.41759
3.95428
4.38906
4.09737
3.29296
4.51958
2.82561
4.0136
3.8602
4.53935
4.37438
4.8496
3.57631
3.85068
2.27991
3.24519
3.0758
3.12525
4.16177
3.68209
4.20322
3.01473
4.36204
4.03239
4.46877
3.876
3.09678
3.64258
3.27002
3.24822
3.84629
3.72778
3.27394
3.14489
2.37168
3.41924
3.66042
3.08692
4.049
4.43781
3.85756
3.92047
2.54204
2.75888
2.70113
3.15251
3.32933
3.53384
4.15869
4.32332
4.588
2.01534
3.7926
3.19752
3.97573
4.30518
4.2808
3.59082
2.59291
4.17848
3.69601
3.17452
3.83416
3.53172
3.64548
2.81636
3.92498
4.12379
3.6607
3.82588
3.69992
4.81779
3.55814
3.54639
2.19779
3.80008
4.45358
3.02603
3.51468
4.13091
3.74472
4.19437
3.07649
2.75652
3.53004
1.88751
2.79234
4.15344
2.96139
4.05447
4.19526
1.93041
3.02184
2.042
4.20825
2.64522
3.24875
3.8879
3.77237
3.51502
3.50364
3.9752
3.23312
4.29104
4.1509
3.40027
3.03802
3.45954
2.76234
3.63665
3.95945
3.04218
4.22799
3.29469
3.6037
3.0309
3.15616
3.39268
1.76605
3.47996
4.44691
3.23672
4.94724
3.91695
3.12709
2.97878
3.19017
2.63967
2.45673
3.13942
3.17989
3.85906
3.88843
3.94253
3.48339
3.39367
3.63951
3.33976
3.25354
3.56781
3.687
3.44833
3.42581
2.37044
1.55983
4.00772
2.88215
2.0841
3.63478
3.63027
3.00389
2.94111
3.51717
2.8984
3.18258
2.85658
3.27801
3.53602
3.20065
3.21035
3.48447
4.92814
4.38711
3.43585
3.71657
3.82207
4.21685
2.82129
3.80652
3.57313
1.47577
3.61769
3.71819
2.07124
4.04284
2.69476
2.4032
2.0633
3.80794
3.96224
3.98659
4.02054
3.98284
1.82491
2.42737
4.05289
3.0057
3.49603
3.12784
3.94618
4.43669
3.28259
3.57106
3.7645
3.91612
4.25652
3.66072
3.50027
3.77049
3.23422
4.24278
2.99512
2.37052
3.20122
2.92338
3.41133
3.74193
1.93904
2.92347
3.45314
4.01258
3.33387
4.13156
3.63161
3.9657
3.59322
3.38415
2.9574
3.82995
4.45627
3.56739
4.01094
4.32934
3.16452
3.60856
3.36047
2.39426
2.48494
2.91588
2.90106
4.14595
3.75285
3.85383
3.88468
2.93964
2.44178
3.94317
3.85743
4.39721
3.90206
2.92049
2.8532
2.99079
3.5179
3.97081
4.03506
3.50529
3.82934
3.58748
4.15965
3.28294
3.15866
3.65193
2.46639
2.5591
3.65333
3.9451
2.1376
3.26278
3.28917
3.88022
3.72111
2.84715
4.12386
3.04939
2.93864
4.4062
3.64869
3.26372
2.21736
2.17457
2.98123
1.64641
3.89096
3.91794
3.51778
4.68882
4.33876
3.3967
3.66652
3.45779
3.99266
4.17702
3.04857
4.05279
4.15428
3.25991
3.17611
2.45681
4.32791
3.61205
3.5486
2.78953
2.76129
2.16892
3.40069
3.95798
2.64696
3.64395
3.44098
3.292
4.03757
3.66797
3.98869
4.28483
3.34744
1.84409
2.83114
3.74701
3.65711
3.74727
2.89299
3.61208
2.30831
4.75128
3.91129
3.42648
4.2891
2.09468
3.52302
4.47391
3.44683
3.02105
2.86864
3.85725
2.59166
3.6572
2.27501
3.06069
3.9652
4.32683
3.34699
3.94202
4.01166
4.46159
3.67909
3.33591
2.88487
3.7691
4.19246
2.91099
2.78897
2.75401
3.64421
3.01502
2.25119
3.54775
4.20195
2.21122
3.36152
2.57037
3.31231
3.43925
2.80579
3.25559
1.8982
4.17524
2.72403
3.35655
2.54809
4.07168
4.11303
4.11466
4.51558
4.14197
2.93101
3.08262
3.195
2.95231
4.50303
3.89484
3.95212
3.29753
3.55853
3.46459
3.42134
3.22026
3.78694
3.66181
3.18765
3.55291
4.1943
3.22192
4.53067
4.53528
3.1548
3.23812
3.71653
2.94258
4.37079
3.2343
3.60788
3.15418
4.15461
3.50806
3.30353
4.16116
3.73959
3.5148
2.37067
2.73217
2.80943
3.77914
3.1107
4.58347
3.42063
3.96064
3.17427
4.78204
3.52225
3.10745
2.96113
3.58364
2.60697
3.28317
4.16416
3.34272
4.50888
3.83092
3.14505
3.43659
3.63347
4.17381
2.11353
2.95434
3.78171
3.03368
3.7806
3.35412
3.3002
3.51879
3.86573
3.73407
1.98887
3.91983
3.62335
3.21461
3.22
3.76394
3.56549
2.25103
2.75693
3.13213
2.65856
2.25238
4.29081
2.92711
2.98089
3.192
4.59793
2.48564
3.51343
3.3622
2.90245
2.46492
4.91682
2.8848
3.09329
4.96333
4.59208
3.5792
3.36976
3.85551
4.27195
2.91275
2.00988
4.06901
2.78741
2.65454
3.14296
3.0874
3.65318
3.66089
2.95166
3.96788
3.48107
3.71906
3.62956
3.66311
3.54058
3.11009
2.30548
3.19808
4.83869
3.65041
4.15642
2.12985
3.24382
3.54514
3.2339
3.881
4.58461
2.36022
3.64206
2.09994
4.18124
4.31026
2.87385
3.4985
3.65056
2.32286
3.51312
3.37166
3.76776
4.51318
3.64295
4.41404
3.21779
3.79748
3.61636
3.2223
3.31032
3.54019
4.38908
3.6274
3.82239
4.35088
3.47331
3.87974
4.23063
2.60453
3.14104
3.95522
3.0791
2.10131
3.20067
4.14066
3.24832
3.86476
3.49785
3.10351
3.19511
3.02608
3.37029
3.0301
4.02796
4.02676
3.72826
2.67831
3.45581
3.62338
2.14211
3.42383
4.24358
3.94822
2.75088
2.74794
2.70511
4.66069
3.61147
3.19664
3.5812
4.54892
3.97259
4.96008
2.0101
2.79766
3.49496
4.4735
3.65156
2.32531
2.90427
2.67501
2.41793
3.08734
2.99717
3.24565
2.35706
3.76831
4.18848
3.41275
3.19585
3.6798
2.09114
4.26313
3.84312
3.14559
4.29965
3.73592
2.77525
2.92952
2.03286
3.31335
4.32183
3.99075
4.64452
4.22461
3.19782
3.23495
3.36188
2.81482
3.00828
3.67047
3.4884
3.07527
3.31765
2.64629
3.58831
3.6927
2.98711
4.04679
2.61208
3.40675
4.14502
3.71467
4.6938
3.51744
4.3495
3.30929
3.2317
2.91248
2.69275
2.67729
2.69378
4.36
3.77367
2.80783
3.34008
3.6447
2.51275
3.24843
2.71479
3.98743
4.18542
2.25166
4.50992
3.25526
3.48776
3.65109
3.33514
2.66461
3.65086
4.15813
4.41498
4.80216
2.77029
2.71024
3.11052
3.03778
3.37571
2.63859
4.47565
3.74114
3.03724
3.22142
3.00371
3.33176
3.38527
3.07241
3.72535
2.31988
4.29714
3.48679
3.59331
2.71869
3.3262
4.76195
2.62671
3.67651
2.79366
2.71801
3.62908
3.70261
3.05516
4.96123
3.28934
4.02452
4.62338
3.43729
3.67781
3.7103
2.60675
2.78854
3.23556
2.7651
3.98337
2.815
3.40273
2.78429
4.6415
3.44978
3.55171
1.95249
3.72604
2.47637
4.51545
2.16168
3.03063
3.81458
2.5017
3.54785
3.35292
3.16979
2.83435
1.43905
3.01645
2.36524
3.67556
2.74472
3.52272
4.33558
3.95366
3.34277
3.97656
3.48245
3.79844
3.97878
4.38974
3.01457
3.35838
4.12141
3.93485
3.12333
3.44281
4.71652
3.18273
2.91958
4.4186
4.37717
3.66707
4.14586
4.15428
3.16738
3.71745
3.9986
3.31663
2.87764
3.64468
3.98168
3.42389
3.22715
3.0534
3.81237
1.14947
2.32636
3.89435
2.4068
3.2902
4.08161
2.70491
2.77641
3.52935
2.94762
2.67679
3.04492
3.82541
3.41405
3.53686
3.21311
3.62227
3.18641
3.51379
2.7646
1.32046
3.37793
2.28342
3.75
4.15411
3.72483
3.19143
3.57605
3.23772
2.85676
2.83869
3.77716
1.95321
4.83323
2.44833
3.11647
4.43975
3.27691
2.84378
3.9303
3.50852
3.99363
3.46688
2.80322
3.62543
3.29708
4.64908
2.82917
2.97915
3.39391
3.10284
3.43876
3.73034
3.42484
3.97438
2.85969
3.41776
3.46872
3.31176
3.48775
3.48892
3.62523
3.17499
3.44915
2.60563
4.52964
3.95905
3.16959
3.63123
1.98122
3.66261
3.00539
3.9348
3.35714
3.79092
2.93031
4.29815
4.09613
3.3937
3.16706
2.99341
3.4232
3.89186
2.87191
2.92168
3.66407
4.03221
2.31998
2.71299
3.01503
2.87126
4.37768
4.39434
3.13772
3.33053
2.75645
3.66547
3.8786
3.03443
4.05455
3.77795
4.0051
4.20235
2.36894
4.04725
4.65614
1.6567
2.80923
3.49392
1.91225
4.05374
4.09372
3.84013
1.38603
4.09843
3.23495
3.03937
3.28111
4.24572
4.49273
4.29081
3.07683
2.87458
3.76513
4.8294
2.85767
3.99737
3.55104
4.84909
3.32645
2.9375
4.26557
3.12399
3.88553
2.82271
3.07484
3.25733
2.15365
2.37758
2.53607
3.46787
3.0366
3.65357
2.8344
2.8109
2.91383
3.28425
2.36292
4.03696
3.99455
3.51902
3.23234
3.24145
4.13336
3.39473
3.48528
4.32219
3.55218
2.98537
4.27343
3.12259
2.70271
4.37622
3.98935
3.56646
3.02195
3.99556
2.80128
3.35714
3.12232
3.59802
3.12578
2.29233
4.57459
3.6487
3.56102
2.38707
2.35422
3.10162
3.56234
3.24561
4.06325
2.49985
4.84359
3.56893
2.37284
2.1558
2.31017
3.85408
3.87276
3.65821
3.82885
3.90094
3.71425
3.86073
2.96209
4.16995
2.87786
2.64782
4.18293
2.75233
3.65195
2.76226
3.08729
3.84525
3.65421
3.77821
4.23194
3.96964
2.95806
4.1043
3.88116
3.34103
3.32954
3.72687
3.51164
4.00063
2.75213
3.59851
4.05784
2.96283
4.51526
3.51981
3.44155
3.78497
3.63211
3.32521
3.39533
3.82867
3.70433
3.24008
3.29107
4.44868
3.29475
4.28443
3.36274
4.43281
2.76653
2.86296
2.17907
2.81262
3.19537
3.0328
3.07339
3.30125
4.4461
3.24022
3.81845
3.90949
2.81354
2.91447
3.2915
3.86971
2.79444
3.59919
4.1553
3.84353
3.43646
3.50264
3.84428
3.87841
2.68949
4.71197
4.6687
2.93049
3.36254
3.9321
3.60446
3.67124
2.57653
2.88029
3.75003
3.50298
3.8755
3.44274
3.80683
4.03887
4.31211
3.59624
3.66294
3.868
3.22751
4.32741
3.62171
4.4508
4.04779
4.10956
3.2286
3.6954
4.06339
3.0184
2.8375
3.13085
3.36996
4.50085
3.83343
4.05678
2.44103
3.27838
3.90526
4.04377
3.90286
3.68159
1.71269
3.05303
3.43915
2.13536
3.66229
4.48295
3.89075
4.15996
4.64032
4.22782
3.36727
2.86633
3.28428
3.05804
4.02268
3.79617
2.94833
2.85451
4.69235
3.67281
3.5344
3.23884
3.78857
3.52783
3.03493
3.96794
1.57828
3.43227
3.70117
2.97443
2.41746
3.85649
3.97698
3.3583
3.47113
3.83095
3.39753
2.69722
2.05692
3.43015
2.48306
3.93981
3.88755
4.00714
3.42276
2.30152
3.44779
4.27859
2.5027
3.49427
4.03832
4.40393
1.7551
3.95202
2.95652
1.84514
2.45886
2.742
3.58418
3.37604
3.9883
3.21191
3.69681
3.64046
3.45919
4.13484
3.6261
3.43432
3.02819
3.50475
2.58782
2.9001
2.24669
3.67663
4.01433
4.4185
3.68711
2.81901
4.59271
2.55094
3.77786
3.01568
3.15187
3.68142
3.70969
3.28195
3.42506
2.75996
3.86685
4.41247
4.35892
2.6581
3.98993
2.88801
3.70686
1.43064
3.76701
2.70963
3.2852
3.87776
3.66237
3.01409
3.7299
3.33026
3.4465
4.2185
3.78748
3.69357
3.17157
3.36221
2.25196
4.16976
3.86237
4.29909
1.9014
3.60109
3.88834
2.79937
3.93524
2.87983
4.01042
3.06997
3.17365
2.77684
4.31732
3.58281
3.64805
2.96906
3.00596
3.26698
2.39752
3.14304
2.56889
3.46836
3.10303
3.77074
2.83037
3.53772
4.33135
2.42415
4.3048
3.10998
4.18761
3.89842
3.16141
3.7709
2.46544
2.85519
3.36982
3.24189
3.06635
4.1509
4.19682
2.74495
4.25682
3.39485
3.49388
4.4895
4.44048
3.68767
4.55315
3.3915
3.47734
3.52171
2.18692
1.98952
3.87464
3.4883
3.9285
3.8633
4.20371
4.35232
3.9435
3.54995
3.89728
3.89622
3.95069
3.86671
2.71144
3.87564
3.88282
3.62851
3.58658
3.16951
3.68281
3.58197
3.85075
3.6221
3.67526
3.47354
3.29627
3.49806
3.53691
2.9636
3.90007
4.11672
4.10477
1.56072
2.99941
3.16754
3.66836
2.9065
3.88482
3.14622
1.66171
3.46217
4.10672
4.06103
3.58776
3.98707
3.96761
3.30034
3.19912
2.84727
2.78592
2.57355
3.44172
2.38088
4.56172
3.12141
3.39928
4.28248
2.51368
2.95021
1.10998
3.21963
2.83939
3.15532
3.1686
3.70061
2.46719
2.90592
3.83692
3.56287
3.9905
1.7884
2.35801
3.2637
2.73823
2.95007
3.54729
3.42893
4.48097
4.3525
3.59941
3.59204
3.47364
2.63585
2.4584
2.75141
2.20669
3.95106
3.51214
3.25071
2.93734
3.78823
3.05599
3.52927
2.64217
3.87106
3.46216
3.40603
2.83347
3.49812
3.18895
2.87393
3.16845
3.0444
2.81983
3.65795
4.11064
4.09908
2.67676
2.80136
3.33836
3.45244
4.41866
2.25862
3.78542
2.41797
4.14285
3.49798
3.96411
2.69265
2.89837
4.37743
3.21167
3.20763
3.85627
3.03861
3.70631
3.54751
3.42065
3.11561
3.8417
3.19742
3.02103
3.30833
4.2886
3.1848
3.05587
4.60701
3.34179
2.44636
2.96245
3.45126
3.02599
3.14948
3.02334
2.76092
4.54298
2.72888
3.81806
3.64535
2.84913
3.74124
3.94137
3.6018
3.76519
2.41031
4.14986
2.74045
3.15736
3.92484
3.21124
3.8188
4.37
3.9893
3.50688
2.49659
3.76821
4.341
3.65555
3.44009
3.79736
3.91066
2.95719
3.41786
3.19542
3.20515
2.77027
1.12011
3.86989
3.61998
4.19728
2.82192
2.71482
3.3909
3.59825
3.92289
3.95072
3.70572
3.81732
3.33644
4.29878
2.6173
3.30843
2.91445
4.04476
3.43731
3.85648
3.9368
3.50851
3.43452
4.48701
2.83349
3.55217
3.59104
3.98763
2.71757
3.95397
3.83022
3.75988
3.67384
2.77717
4.21284
3.21773
3.62787
3.95967
2.62047
3.77116
3.53447
2.30176
3.50237
3.15996
2.96465
3.94696
3.71858
3.73295
3.69936
2.98773
4.08326
2.62359
3.64649
2.97571
4.33869
3.11429
3.94582
2.73868
2.85957
3.11479
3.87314
4.23395
4.6781
2.00513
3.94881
2.99518
3.14775
3.2651
3.80049
3.64373
3.37118
3.13445
3.73108
3.42267
3.26926
3.95161
3.79914
3.70293
2.93689
2.64323
3.66455
3.38695
3.0213
4.46096
3.78944
3.61551
3.91365
4.35458
4.23113
3.17844
3.56922
2.81694
3.4083
4.12301
3.50487
3.74665
2.17291
2.8444
4.27499
3.48079
2.67258
3.77138
3.93376
3.25753
3.39361
4.01598
3.97899
4.40296
2.81429
3.66334
4.09854
3.95747
2.91096
2.55289
3.70481
4.44605
4.22314
3.54371
2.51139
2.1539
2.22858
1.89652
3.78733
2.72903
4.12975
4.07463
3.69227
2.78808
3.15672
2.741
3.16498
3.57492
4.07423
4.40406
3.45891
3.44115
3.48534
3.83727
3.7053
4.09819
3.97586
3.19265
3.52847
2.70618
3.57049
4.62329
3.03332
4.30122
3.24632
3.38125
3.68065
3.39627
3.01149
4.52484
3.6776
3.9213
4.40923
2.70056
2.67854
3.41061
3.64347
3.73051
4.08198
2.25074
3.17521
4.4758
3.4829
3.41054
2.71441
3.70602
3.42963
3.2364
2.71297
4.13263
3.2041
3.83358
2.94882
3.32715
4.19627
4.28807
3.83301
1.72405
3.82272
2.43341
4.07112
4.12885
3.98105
4.15353
2.90362
3.89349
4.18635
3.77486
3.14964
2.77804
4.08606
3.5893
3.27617
3.07492
2.98926
3.79651
4.51359
3.60299
2.82344
4.69531
3.69396
3.30869
4.18069
3.24038
2.92085
3.71134
3.73806
3.86761
3.8044
2.81191
3.80574
2.04845
3.64585
3.41096
3.09155
3.47199
3.10234
3.13222
3.00645
3.03622
3.1836
3.75142
3.92138
2.8227
3.16001
3.3083
3.86788
3.88573
3.96195
2.76721
4.14639
2.96203
3.88794
3.57416
3.51546
2.87274
3.67655
4.39488
3.55853
2.93408
3.55037
3.15378
3.8724
3.07234
3.19443
2.68365
3.91896
3.36233
3.19169
3.48586
2.59429
2.68812
3.18219
3.08858
3.51909
3.55608
2.73552
3.37354
3.48986
3.72159
4.36884
3.91922
2.6365
4.0198
2.265
3.89408
3.7868
2.26709
3.57452
3.80973
3.61084
3.30022
2.70609
3.29864
3.805
3.6066
3.80071
4.37648
2.09552
3.19927
3.39514
3.86955
3.55731
3.39474
3.15907
2.71334
3.55402
3.44657
2.82242
4.22197
3.34774
2.17496
3.4061
3.53055
3.64452
4.15974
1.75822
3.25814
3.77028
2.94678
2.50944
4.17418
4.12523
2.95571
3.46642
2.98382
3.84892
2.03606
3.85669
2.8287
2.89567
3.99272
3.07912
3.73928
3.11432
4.188
2.81167
3.82198
2.24859
4.07705
3.11725
4.42882
4.6037
3.45131
4.00908
3.65795
3.44135
2.05646
3.75792
3.24515
3.94348
2.33435
3.5064
4.46993
3.55196
3.76224
3.35924
2.07777
4.27941
4.17198
3.17932
3.57873
4.03624
3.10374
3.71759
4.609
3.10762
3.53524
3.41305
1.9182
3.80605
3.07696
2.57404
3.39006
3.46383
3.61034
3.81225
4.13105
3.71286
4.04086
2.65575
3.37611
2.92431
3.66964
4.00487
3.24343
2.78115
3.63107
3.63573
3.48746
3.09326
2.34794
3.73327
2.83451
3.97797
4.62583
4.8522
3.98115
3.5229
3.54834
2.37633
3.37785
3.7477
2.62361
4.12902
3.08048
2.53885
4.39222
3.5452
2.22974
3.20972
2.68336
4.7751
1.92381
3.3377
2.63269
4.051
3.57077
3.31678
3.25873
2.49259
3.94912
2.9756
3.57317
2.50443
3.24867
3.46356
3.87717
4.02605
3.57957
3.37531
3.18408
2.20703
2.50198
4.52623
3.78123
3.62947
1.9196
3.24948
3.28925
4.08576
1.65294
4.14084
2.73231
3.25827
4.12868
3.5212
3.03444
3.15186
3.79462
2.79397
2.45123
2.87606
3.75966
3.22105
3.03084
4.2108
3.77397
4.14994
2.708
3.78487
3.01334
3.57366
4.33432
3.85075
4.15794
3.62745
4.06021
3.04145
2.41767
2.35841
3.10538
3.20702
4.35182
2.38476
2.77577
4.65242
2.62415
3.82302
3.11422
3.54445
3.40434
3.51759
3.64806
2.60097
3.42804
3.673
4.08463
3.55663
3.8439
3.53328
2.325
3.42531
2.92347
4.04388
4.28066
2.56545
4.38507
4.10596
2.79078
3.77483
3.6519
3.88441
3.79891
4.29642
3.426
1.92522
4.17517
3.72387
4.50812
3.81393
3.57553
3.83006
3.06778
3.7126
4.23181
3.87181
3.63712
3.94442
2.61997
3.69553
3.30627
3.00974
3.90706
3.37225
4.2312
3.68298
2.91031
4.14065
2.66635
3.66517
1.75193
3.34261
3.00552
3.19256
2.71816
4.21786
2.92741
3.52955
2.93198
3.27679
2.56642
3.59507
2.12129
3.31034
4.75236
4.9974
3.50547
4.23966
2.75398
3.9363
3.0058
3.13366
3.70392
4.08409
2.74633
3.4038
3.92895
3.19923
3.76699
2.85564
3.62882
3.22224
3.70335
3.53921
3.93998
3.36173
3.25092
4.01868
3.09306
4.07426
2.77275
3.09156
3.23425
3.39688
2.8448
3.71665
4.40894
3.4597
3.36762
3.97023
3.61439
4.14395
4.01617
3.90767
3.14298
3.50047
3.7392
3.84295
1.76207
3.74159
3.70949
3.18645
1.68527
2.73083
3.29254
3.17085
3.86201
3.4112
4.1918
2.52313
2.94522
3.72864
4.24339
3.2154
3.46018
2.59595
2.82556
4.741
3.23576
4.11756
3.50148
3.4451
2.41679
3.42359
4.04774
3.32282
1.93183
3.5105
3.26851
4.24349
3.4252
3.52188
3.8986
3.74336
3.29278
3.76471
2.61434
3.75898
4.42037
3.67466
3.58431
3.58879
3.90559
3.91002
2.58156
2.99012
3.8451
3.39523
4.15887
4.13178
4.17877
3.24823
2.6845
2.51276
2.86199
3.7392
3.6033
2.98205
3.38128
3.4271
4.87324
2.12713
3.16177
3.28296
3.97231
3.34366
3.86794
3.35829
3.01052
3.95134
2.00744
4.55149
3.18553
3.01233
3.75966
3.03629
3.99549
3.63549
3.41261
3.37971
3.18863
3.24802
4.48137
3.78611
2.22566
3.57489
3.11462
4.12267
1.93071
3.44399
4.40232
2.31231
4.06717
3.54702
3.8702
3.1417
3.34331
2.91908
3.53448
4.54684
3.49271
3.73964
3.99565
2.76677
3.61076
4.51195
3.37305
2.82283
3.63969
3.78638
3.93142
2.81559
3.02781
3.73351
3.13053
3.1085
1.86712
2.31409
3.54408
3.82425
2.15983
4.38606
3.75497
4.19417
4.00905
3.29247
2.97857
3.77761
2.4234
3.81633
2.79213
2.4909
2.41556
3.39304
3.28724
2.37911
2.97782
3.23997
3.35786
3.23336
3.23139
3.76212
2.51687
3.45014
2.92981
2.97183
3.43928
2.47412
2.47421
4.17383
3.62101
3.94386
2.39168
3.83262
4.51426
4.2568
3.1389
4.17483
4.09433
4.56705
3.91529
3.25294
4.58528
3.92423
3.46869
3.41239
3.413
3.7989
3.96134
3.80891
3.54925
3.56783
3.16312
3.35659
3.94962
2.77874
2.52676
3.48053
3.9446
2.67813
3.72179
4.16752
3.99646
4.24972
3.60584
2.8749
3.55422
3.60782
1.95027
2.64619
4.09977
2.94602
4.03385
2.91527
4.31812
3.34662
3.50829
3.52247
3.17294
3.4584
3.62043
3.87095
3.72849
2.82579
3.45479
3.92105
2.19314
3.36326
3.62712
3.70324
2.93359
3.81112
4.06254
3.27011
3.9855
3.71616
2.7025
2.51553
3.45498
3.0884
4.04446
3.15957
3.20041
2.98066
3.49484
2.54415
3.86092
3.52261
2.66572
3.93473
4.29676
3.04719
2.17704
4.73888
3.17161
2.27823
3.35159
2.94523
3.80843
2.76647
3.14582
2.00543
2.37804
3.20353
3.26715
3.52079
2.9929
3.60948
3.77649
2.5342
4.23865
2.50692
4.14597
3.58187
4.06822
3.94504
2.81746
3.42528
3.71353
3.1702
3.49743
3.1133
3.63439
3.84446
3.56812
3.97841
4.15376
2.63222
2.75934
2.53782
2.86816
3.03324
3.69885
4.67661
3.80966
3.12623
2.88273
3.4421
3.79351
2.2647
3.23995
4.13967
4.11775
2.33215
4.11572
3.25021
2.981
4.08322
4.06379
3.54641
3.22008
3.59908
2.6515
3.56758
3.53378
3.36738
3.57865
4.21426
4.04233
3.38184
4.05336
3.01353
3.73297
2.89897
2.05359
3.64052
3.19924
3.44404
4.62936
3.02204
4.2203
2.07928
3.3501
3.37626
3.54564
3.57906
3.02441
3.65236
2.93245
3.9389
4.36097
4.20133
3.2116
2.97986
3.71944
3.82624
2.51516
3.39647
4.6063
3.31449
3.39926
3.39955
3.19536
3.16152
3.88255
3.80507
4.27976
3.30839
3.25445
2.64448
4.07387
1.96867
4.45256
4.50855
4.83979
3.42929
3.78693
2.88209
2.61548
3.73671
4.04352
4.41893
4.63874
3.01627
4.27647
2.13866
3.66222
2.54313
3.25282
3.49388
3.83057
3.29587
3.93019
3.46593
2.25639
2.45149
3.90561
3.05147
4.14623
3.92239
2.83665
3.24249
3.64101
3.99818
3.42392
3.43449
2.48002
3.46864
3.6969
3.54628
2.50817
3.69339
3.12114
3.2805
2.96812
3.77155
2.31523
2.33194
2.37255
3.39898
4.22001
2.03463
2.9202
3.86989
3.86398
4.55448
3.12615
2.67026
3.09168
3.74617
2.72131
4.10264
3.71419
4.30765
3.21725
3.37783
2.57441
4.54228
3.88507
3.10287
3.37301
2.38318
3.13034
3.38314
2.56522
4.01985
2.63236
2.14364
3.74452
3.42482
3.33558
2.91104
1.10121
3.62568
3.00694
2.79525
4.05892
2.92849
4.33167
3.86239
2.77899
1.62023
4.60762
2.53305
2.35265
4.56859
3.53156
4.78202
1.87202
3.36248
2.79631
3.34993
3.55424
2.88061
3.59617
4.22408
3.7109
4.37922
4.99138
3.81678
2.24519
3.06302
2.0881
3.50442
3.02086
3.87802
4.19857
3.55448
4.20867
4.71071
3.45032
3.84821
2.54697
3.97458
2.86401
4.46586
1.95985
4.10257
2.71479
3.82862
3.88655
3.48863
1.62887
3.34208
3.83077
3.12381
3.39739
3.62847
3.40426
2.94273
4.06815
3.84941
3.02579
2.79269
3.72531
3.55748
3.71795
3.47473
3.39093
3.98298
3.20943
3.14945
3.99858
4.0943
3.16958
3.24579
4.51399
4.33257
3.86454
3.66773
4.66692
3.62878
2.07838
