3.72514
3.07419
2.09527
3.21192
3.57415
3.82357
4.36022
2.77054
4.10055
3.23519
3.83025
3.73371
4.20988
2.48969
3.37878
3.25218
3.13761
3.80128
3.04269
3.69044
4.48297
4.43921
4.27284
3.2038
3.65671
4.03613
3.71333
2.68242
3.04488
4.07623
3.79813
3.4033
2.75715
2.41214
4.28366
3.2927
3.9243
3.93389
3.48476
3.89596
3.02101
4.04686
2.82699
3.66718
3.80002
3.70975
2.83523
3.5694
3.97122
4.59131
3.55618
3.30237
3.53709
3.99011
1.95233
4.13323
3.86019
3.22983
3.89301
2.97962
3.47473
3.52322
4.09333
4.19931
3.78769
4.039
3.58421
2.28932
2.90449
3.87999
3.61644
2.90265
4.12256
4.2354
3.83984
3.30012
3.77533
2.53699
1.96547
3.66537
2.64982
4.0225
3.5758
4.48291
3.19931
4.13366
2.92775
3.99596
2.58716
4.28794
3.32848
2.84118
3.43225
4.45222
2.96736
3.92013
4.19767
3.06584
3.82875
2.10443
4.64832
4.10342
3.68839
3.16218
3.69631
3.84598
3.37593
4.20941
4.19992
3.58498
3.79279
3.6049
3.10374
2.80584
3.8349
3.14201
3.76024
3.47497
4.30536
4.61291
4.38176
4.12513
3.32183
2.81472
4.5815
3.1039
2.5586
4.12572
3.25028
3.55055
3.32168
4.48403
4.18609
4.07046
2.69499
4.31094
3.81609
2.89889
2.85019
4.54102
2.79911
4.0697
3.69117
3.49101
3.7449
3.66113
3.61707
3.07879
4.11617
3.47969
3.91926
4.0898
2.87524
3.61499
2.14637
4.04489
3.1299
3.27227
3.23811
4.58989
3.60829
3.54144
2.47079
3.21335
1.93144
3.36355
3.16137
4.29731
3.75618
2.94526
3.54729
2.978
3.58989
3.30429
3.88117
2.79372
3.30977
3.79461
4.03416
3.84606
3.9468
3.88618
4.42548
3.61618
3.70718
3.74183
2.77963
3.83002
3.13293
1.96548
1.84418
4.03852
2.91391
2.96521
2.79727
3.25767
3.30506
4.09863
3.39235
3.26114
2.78801
3.65408
2.34674
3.11702
2.5614
3.50426
3.13817
3.34147
2.17331
2.15924
2.51591
2.98756
1.79162
4.70114
3.04843
4.15687
3.05158
3.55619
3.72468
3.25688
3.58907
3.67407
3.12709
3.21218
3.3457
4.01506
4.03427
3.72927
4.57455
2.88531
3.21715
3.70588
4.04942
3.66551
3.27843
3.51248
3.84723
3.69989
2.44662
3.18853
3.40611
3.49506
3.27023
3.3516
3.17363
3.43631
3.14742
3.66347
3.62165
3.95978
3.18907
3.22122
3.5252
1.8445
2.61459
3.46142
2.78048
3.76298
2.72924
4.3243
3.64948
2.94347
4.47473
3.76565
3.78891
3.63613
3.57104
2.95724
3.68493
3.56719
3.98272
4.53774
3.46636
3.79094
3.66947
3.39926
3.36078
2.77601
3.29436
3.31546
2.97357
3.60013
2.38253
2.96367
2.85717
3.97258
2.92592
3.94637
4.01132
2.72849
3.25269
3.35585
3.7609
3.34158
2.8568
2.18285
2.26668
1.82109
3.54913
3.36555
3.8006
3.18755
4.60041
3.07476
3.96583
3.25996
2.5303
3.73469
3.66743
3.69422
3.56349
4.42008
4.39303
3.58927
3.95716
2.60203
3.04395
3.36364
3.60771
3.37567
2.96134
3.9444
3.1133
4.98126
3.11341
3.81101
3.47952
3.51712
3.44713
3.63158
4.48361
3.10892
4.16086
4.45978
3.03319
4.07016
2.58217
4.17169
3.07204
3.65161
4.41414
3.37748
2.93437
3.62769
3.17118
3.9402
3.29848
3.578
3.83409
4.07672
2.96545
2.86815
4.14816
2.49478
3.3948
3.49941
3.30876
2.40053
4.00765
1.91627
3.23552
2.55533
3.35836
3.87775
2.39987
2.84152
4.32893
3.73356
3.19563
3.26842
3.93265
2.72974
2.73818
3.72927
3.24762
3.94473
3.21152
4.39946
3.61969
3.39404
3.23394
3.8736
4.16595
4.00335
3.13686
3.23486
4.0543
4.25314
3.48047
3.72334
3.7407
3.9757
3.09865
3.32826
2.25498
3.61291
2.66784
3.60809
3.43268
4.55803
2.76414
3.90252
3.85515
3.84039
4.11491
3.42701
3.3014
3.85905
3.05243
4.01512
4.26744
3.7943
3.50961
3.26609
2.50389
2.25591
2.6775
2.30012
2.12876
3.49395
2.53693
3.33921
2.61876
3.7916
3.11995
3.98197
3.47517
3.66357
4.04658
3.06654
3.08489
2.77965
2.72171
3.79893
3.40651
3.22158
3.60284
3.99829
2.57669
3.24446
3.12858
2.51437
3.29289
2.88002
2.51171
4.042
3.07129
2.91747
3.6823
3.77889
2.23951
2.66916
3.71242
4.0197
3.93829
2.41526
2.54748
3.21725
4.19265
3.67063
3.24365
2.63797
3.50544
3.40704
3.87005
3.99527
3.53752
4.68965
3.69682
3.6564
4.27308
4.29182
3.48527
3.39191
3.30585
3.372
3.99206
3.07559
3.48167
2.86208
3.80856
3.77116
1.33141
3.21581
3.02024
3.25167
3.65441
3.59463
3.71756
3.44613
3.83055
2.6467
2.1914
3.30396
4.10614
2.06913
2.54499
3.84079
2.92267
2.6336
3.91218
3.44723
3.56383
4.1273
3.26487
3.88548
4.02024
2.16591
2.91806
1.70312
3.74239
4.32685
3.53117
3.65562
3.4096
4.63619
3.08053
3.66982
3.70005
4.42909
2.55349
2.68333
4.20226
4.13631
4.41936
3.93141
3.76834
2.85321
4.01422
3.92856
3.65041
3.47999
3.26272
4.55824
3.21626
3.65606
3.21266
3.90438
3.8255
3.22859
2.90605
3.86654
3.29166
3.04593
2.96823
3.18188
3.87528
3.64582
2.74229
3.61657
3.70141
2.16027
4.27696
3.68687
3.63823
3.33288
3.79346
3.45869
4.11674
3.57505
3.7063
3.14297
3.87035
3.48382
3.34457
3.65166
3.78346
4.27156
2.87847
3.25969
3.66716
3.21708
3.6564
3.21164
3.12493
3.33116
2.47
3.33171
4.24581
2.36406
2.73348
2.9413
4.29263
3.99451
3.19837
3.24298
2.87733
3.88584
3.44977
3.20446
2.69408
3.18469
2.50975
3.56847
2.54795
4.45707
4.54284
2.41959
3.46863
4.79271
3.54584
4.16345
3.45937
2.69947
3.50865
3.45203
3.94624
2.88449
2.60935
4.51438
4.00582
3.15471
3.28344
2.34446
3.95555
2.15824
4.3912
3.80243
3.98496
3.11955
4.28709
3.64094
3.0489
3.71311
2.90994
3.0129
2.90086
4.15059
3.91852
2.94467
4.13183
3.86454
4.06113
3.87511
2.52548
3.39321
3.74604
4.46657
3.723
3.15707
3.05635
3.06101
3.96776
2.7882
3.77629
4.64851
2.97601
2.26358
2.84035
3.98534
3.31538
4.5118
3.84766
3.58304
3.85116
3.55667
2.47471
2.77027
3.05438
3.44797
3.08731
2.89113
2.24466
3.35817
4.16882
2.39582
3.44542
2.70345
3.20658
3.35039
3.62977
2.29515
3.99901
2.57572
3.69267
4.40917
3.39943
3.42141
3.9068
2.5036
2.72394
3.76728
3.9024
3.62523
2.89777
4.58598
3.63958
2.83256
3.98364
3.44256
1.81935
3.38766
3.34425
4.59547
2.7024
3.83742
3.35813
3.61793
4.39296
3.72105
2.86459
3.61502
3.12287
4.44336
2.43931
2.93851
2.67961
4.02886
3.7354
3.18533
3.89588
3.85809
4.14983
3.87753
4.7577
3.04206
4.16424
3.77796
3.63921
4.21255
4.19926
4.1442
3.73233
4.26593
3.75063
3.69332
4.87088
3.42659
3.85977
2.98003
3.19742
3.12765
3.7861
2.08896
3.78968
2.79012
4.47086
2.89111
4.05378
2.83997
3.40899
4.04299
2.59035
1.87803
4.2222
2.95743
3.38913
3.38483
3.48058
3.18637
2.82662
3.81786
3.74874
3.27059
3.45834
2.75846
3.87537
2.88428
4.01933
3.36899
3.4707
4.24918
4.22149
3.25441
4.11672
3.25373
3.56811
3.31422
3.53734
3.01292
4.07208
3.29807
3.78144
3.55682
3.09376
4.10147
3.50098
2.75
4.16274
4.48409
3.97454
3.79445
2.9104
3.54606
2.60503
2.79568
3.49943
3.93191
3.19978
3.14263
1.55287
2.32764
3.43706
3.89677
3.44511
2.92398
3.82436
4.3823
4.14086
3.62789
3.24168
3.38262
3.52425
4.43014
3.68152
3.01407
4.50101
3.91517
3.51604
3.07845
3.44913
3.9989
4.52951
3.39181
2.70231
3.40511
4.00758
3.31442
3.99111
4.21891
3.91493
3.9131
3.5975
4.87177
1.92388
2.88086
3.45353
3.71744
4.26095
3.11758
3.83944
3.20335
2.8771
2.0872
3.87955
2.905
3.01572
4.01944
4.58686
2.95109
2.60224
4.23683
2.62271
4.19925
3.13911
3.91717
3.25861
3.32182
3.52625
3.3099
3.6553
3.74589
2.88232
3.4725
3.06428
2.74573
4.40723
4.17734
3.86519
3.63063
3.65124
4.03988
2.06143
3.40267
2.54852
3.56094
3.13172
4.38038
3.26293
3.25714
3.52785
3.01972
3.61761
4.0891
1.92162
3.9648
4.68454
2.48308
3.96145
3.69376
4.27823
2.70138
2.72109
3.99082
4.57856
3.84087
1.71685
2.5834
4.1015
3.69208
3.15044
3.96912
2.94946
3.87754
3.82391
3.48845
4.42174
3.67068
3.80215
3.96553
3.76642
3.05947
2.73881
2.48121
2.07944
3.44691
3.42505
2.41509
4.01994
2.58181
3.70799
2.5797
3.76886
2.05561
4.14059
3.02061
2.8667
2.89217
4.41916
3.91257
3.91959
3.14546
4.62032
3.87215
3.2715
3.3262
3.51094
2.80994
3.59617
4.13382
3.84602
3.43921
3.84291
3.12955
3.15161
3.39146
3.19544
3.51465
2.31
3.36057
3.31575
3.22474
4.24857
2.46203
3.99603
4.07566
4.0182
3.5543
4.14262
3.6081
4.20784
2.85569
4.34834
3.45615
2.16834
3.08859
4.20622
4.29795
3.30662
3.77492
4.03255
3.78338
3.83099
2.94269
3.05878
3.39765
3.45111
2.76756
4.34008
3.40466
2.91606
3.25777
1.4026
3.88656
3.25937
3.01018
4.72766
3.68224
4.02665
2.5076
4.52953
4.39552
3.37889
3.96517
3.75646
3.57008
3.64634
3.80658
3.78057
3.8147
4.08287
3.2612
2.58814
3.58491
3.10652
4.14958
2.30727
3.09787
3.02746
4.34796
3.44184
3.60965
3.9227
2.49381
3.32619
3.5441
2.77012
3.05458
4.01113
3.18058
2.88099
3.66492
4.09451
3.62556
3.8701
3.66713
4.17983
3.87476
2.40328
3.416
3.39423
4.06098
3.4953
4.30917
2.70723
3.37706
2.4689
2.51521
4.43232
3.91934
3.75289
3.13029
3.31539
2.98991
4.04025
3.72285
2.84881
2.65794
3.39945
2.94142
4.32209
2.39603
3.95005
4.30386
4.00914
3.577
3.11805
1.5072
3.64196
3.16053
3.43929
4.37273
3.59269
3.2885
4.13499
4.42037
3.30518
3.16015
3.3441
3.87505
3.30961
2.94675
3.25169
3.31951
3.775
3.39937
4.06811
2.82698
3.05892
4.08068
3.61498
3.134
3.02973
3.20607
3.33385
3.67736
4.26027
4.1201
4.5496
2.56061
3.99472
3.97938
2.85048
4.72006
3.18186
3.51801
3.84571
3.8999
3.16265
3.08035
3.89109
3.02665
3.81272
3.25925
2.62618
3.62148
4.11629
4.0307
3.14697
3.38081
3.64989
3.3111
2.89886
4.08179
4.37052
3.40133
3.72644
2.7345
4.14516
2.76514
4.17244
2.85231
2.89851
3.3161
3.46453
3.46549
2.29582
3.47621
4.02502
2.74006
3.39958
3.60699
3.05802
3.3367
3.36694
3.87446
3.01611
4.09995
3.2172
3.67598
3.46422
4.01115
3.34351
3.36625
3.82748
2.98516
3.16137
3.87758
3.70955
1.89397
3.38437
4.03844
3.49358
3.38495
2.50655
3.35376
2.88108
2.82304
2.63533
2.31853
4.35826
4.28026
4.4798
4.07366
4.01625
4.0992
4.33099
3.42742
4.2895
3.40807
3.35166
4.19724
3.81818
3.63781
3.69645
4.08207
4.22014
3.53896
3.52946
3.00055
4.07847
3.07976
3.63916
3.92314
3.21877
3.68697
3.59154
3.14656
3.82188
3.94433
3.54662
2.80761
3.18956
2.14444
3.76072
2.76539
1.94577
3.84648
3.12091
4.1391
2.64198
3.53101
3.97036
3.88633
2.92684
3.25923
3.86475
3.36269
3.06929
3.4216
3.36488
3.61361
2.97615
3.47796
4.03853
3.94349
3.44443
2.96702
3.32801
3.07806
3.90462
3.38568
2.7765
4.00571
3.11052
4.48505
3.97537
4.14867
3.07941
2.21147
3.69252
3.5824
3.84019
3.47075
3.06711
3.28873
3.28978
2.90722
4.67563
2.81925
4.21727
2.90341
4.34593
3.36816
3.20081
3.18035
2.66144
2.67998
3.62684
3.01686
3.43681
2.95802
3.59392
3.92794
3.43794
4.27075
2.37958
2.93942
2.36435
3.10087
3.74348
1.55999
4.11608
3.86602
3.15237
3.82343
2.96684
3.0892
4.6004
3.74871
3.11877
2.51097
3.59068
3.16099
3.63228
3.32605
3.39138
2.36288
3.01392
1.76314
3.14189
2.84735
3.76401
3.73698
3.89458
4.1202
3.61431
4.52249
3.27524
4.59679
3.26894
3.38772
3.96243
3.12425
4.32173
2.05178
3.4538
3.21814
2.62283
4.02811
3.29122
3.92193
2.88905
3.45308
3.54652
3.23666
3.26144
4.9507
3.355
2.87894
3.4463
4.44312
4.21616
3.20737
3.85646
4.16444
3.05782
2.56929
2.98648
2.9466
3.01337
3.28016
2.42008
3.44274
3.50694
3.15419
2.65943
4.00956
3.59603
3.36765
2.31624
2.84781
4.17583
3.68474
2.78727
4.38224
3.92578
3.51623
3.17364
3.60282
2.34002
3.01025
3.97761
2.96939
2.96592
3.14451
3.76409
3.85269
2.51962
4.32442
3.71883
3.89791
3.48354
3.73005
4.17299
1.61611
2.90733
4.40089
3.20243
3.64212
3.14683
3.88969
2.84465
4.05714
3.14436
3.27727
3.83599
4.05491
3.17823
3.00061
2.89595
2.83376
2.36193
3.85977
2.3479
3.46185
3.03195
3.85835
4.24017
3.02213
2.93487
3.05895
2.82989
3.04667
2.54787
3.527
3.55605
2.43896
3.48374
3.68925
2.52219
4.14896
3.3132
3.89868
4.76786
3.65136
2.94048
3.66912
4.43838
2.51565
3.33105
3.42373
2.29949
3.29888
2.62849
4.76057
2.56783
3.50387
4.2704
3.39489
3.74303
2.84475
3.69537
2.817
3.01049
3.23019
3.88371
4.49483
3.80772
3.46916
4.02341
2.76993
2.45713
3.65473
3.68598
3.36159
3.58313
3.71018
2.37985
4.16925
3.43708
1.91806
3.6757
3.52297
3.73417
2.69215
3.44592
3.76983
4.09446
4.46218
4.34057
4.12214
3.35719
3.23005
3.02117
3.45247
3.41461
3.84693
3.78277
2.59051
2.78826
2.39662
3.61397
3.73649
4.23951
3.85915
3.40904
2.10653
3.47214
3.57521
2.48206
2.07057
1.64867
3.69165
3.79576
2.24256
2.65533
3.71783
2.136
3.26159
3.92587
2.87364
4.05549
3.17121
4.04515
3.67371
3.61752
3.33385
2.7158
3.79152
2.21654
4.3861
1.89438
4.45925
4.23916
3.51703
4.54985
3.13357
2.69185
3.97096
4.76287
3.23817
3.78076
3.05108
3.18065
3.10314
3.98554
2.0269
3.38836
3.75398
3.35812
2.05853
3.01574
3.27452
4.54677
3.94431
3.82054
3.07091
3.80316
3.60176
2.20018
3.17542
3.03645
3.49568
3.46738
3.97124
2.19742
2.94979
2.75725
4.77749
3.52194
3.68219
2.70165
4.11788
3.98377
4.31556
3.25606
3.15246
3.06773
3.15526
4.28535
2.62091
4.12369
2.1108
2.6193
3.2739
4.72734
3.84146
2.45362
4.00011
4.31365
3.834
4.21477
3.7177
3.96323
2.98217
3.61462
1.9096
3.10365
4.10379
4.07411
3.71863
4.19561
4.14055
3.40248
4.14654
2.06905
4.28412
4.16737
3.56644
3.27477
3.91878
3.44892
3.90791
3.3436
3.442
4.59212
2.81125
2.73027
3.52042
2.82464
4.19235
3.60287
4.25181
3.53194
3.18459
3.24398
4.14586
3.71256
3.39384
3.49085
3.59285
2.87937
2.62934
3.58294
3.03853
3.95193
3.25637
3.30245
3.71094
2.88507
3.96048
1.26261
3.95155
3.33506
3.98688
4.42845
4.13058
3.29004
4.43055
2.83762
4.07472
3.87277
4.48778
4.48903
4.7613
3.6248
3.91158
2.31456
3.32956
3.04548
3.1519
4.11409
3.67746
4.0038
2.93657
4.36967
3.97493
4.68573
3.86703
3.17879
3.55719
3.23876
3.28473
3.84002
3.72751
3.3269
3.14869
2.39941
3.41635
3.56665
3.10019
3.99513
4.33947
3.85713
4.02579
2.70264
2.72732
2.82989
3.14579
3.22187
3.53693
4.16696
4.40245
4.56223
2.06373
3.78702
3.27145
3.97326
4.31682
4.41712
3.50544
2.56269
4.10581
3.67145
3.20187
3.88816
3.56104
3.67661
2.69883
3.80859
4.2202
3.63199
3.79847
3.67166
4.8103
3.42844
3.59994
2.15909
3.98295
4.45434
2.99677
3.46732
4.17368
3.80696
4.10202
3.07351
2.72735
3.54432
2.01654
2.80996
4.07804
2.93729
4.01945
4.27082
1.8557
3.05974
1.96585
4.26014
2.57027
3.27825
3.88016
3.68253
3.66775
3.55952
3.95086
3.34068
4.24209
4.14572
3.41671
3.00724
3.41828
2.86715
3.64
3.98967
3.03964
4.29087
3.30466
3.62767
2.95004
3.20224
3.41823
1.69864
3.57235
4.43962
3.1722
4.89375
3.898
3.09422
3.04873
3.19369
2.69033
2.48167
3.09416
3.22459
3.82964
3.86993
4.07968
3.44167
3.40279
3.62303
3.34774
3.28983
3.59635
3.71218
3.47541
3.47755
2.36716
1.45108
3.97801
2.84833
2.16084
3.61993
3.61192
3.09192
2.94633
3.50232
2.96267
3.12707
2.60944
3.31409
3.45151
3.1733
3.24551
3.47273
4.76999
4.35671
3.36246
3.78162
3.87433
4.2168
2.79266
3.77046
3.6074
1.34422
3.55443
3.78834
2.14926
4.06746
2.69647
2.44843
1.97636
3.82538
3.88961
4.02
4.02337
3.91995
1.68147
2.61385
4.21857
2.90388
3.36276
3.16524
3.97938
4.42387
3.28395
3.53295
3.83602
3.87257
4.27704
3.63164
3.41772
3.70338
3.25681
4.12506
2.85256
2.39026
3.16072
2.76266
3.16348
3.71521
2.19093
2.88074
3.44772
4.03783
3.35317
4.09822
3.7149
4.00505
3.5799
3.41991
2.89414
3.88074
4.44074
3.49694
3.97014
4.28403
3.1328
3.58892
3.39212
2.50733
2.44921
3.04155
2.80311
4.16277
3.88368
4.04055
3.80302
2.92616
2.38933
3.89445
3.75789
4.49728
3.94713
2.68375
2.93413
2.96229
3.52464
3.94092
3.9928
3.56543
3.88945
3.56136
4.11467
3.23678
3.17104
3.56167
2.50463
2.60236
3.62984
3.83419
2.27243
3.17764
3.24334
3.68037
3.69405
2.78153
4.1889
3.11285
2.91341
4.38896
3.67969
3.49934
2.10738
2.11804
2.9811
1.66905
3.88095
3.86341
3.67943
4.435
4.31463
3.3854
3.65213
3.38021
3.99713
4.22075
3.2095
4.0492
4.20546
3.38361
3.10059
2.40193
4.30933
3.54267
3.55927
2.80127
2.84256
2.29233
3.36376
4.01465
2.62694
3.65189
3.45573
3.28303
4.05244
3.6757
3.99701
4.24758
3.32101
2.11683
2.90542
3.72199
3.57309
3.7772
2.86961
3.65783
2.241
4.59014
3.97001
3.42132
4.29915
2.13135
3.55017
4.45141
3.5257
3.10915
2.96733
3.89241
2.54977
3.60404
2.34969
3.12596
3.92827
4.39007
3.40338
3.94855
3.95682
4.40372
3.63912
3.06998
2.91375
3.75365
4.19174
2.81899
2.82237
2.80708
3.66817
2.98271
2.28775
3.60254
4.1447
2.2923
3.42388
2.53944
3.32291
3.46665
2.81393
3.26127
1.81395
4.24845
2.70055
3.358
2.60534
4.08582
3.95967
4.14925
4.48065
4.15163
2.93212
3.09796
3.14677
2.95625
4.52883
3.92164
3.88778
3.30073
3.63774
3.53203
3.40992
3.17385
3.74804
3.74809
3.20243
3.69893
4.12259
3.09665
4.53874
4.5802
3.13615
3.2658
3.72649
3.01183
4.32641
3.23621
3.56711
3.22918
4.22979
3.35445
3.28494
3.91291
3.81168
3.49747
2.35186
2.56777
2.80842
3.91041
3.13251
4.66646
3.42674
3.87177
3.05432
4.8414
3.56961
3.07925
3.08603
3.60478
2.5665
3.26095
4.07623
3.32083
4.43131
3.83354
3.13047
3.36858
3.56964
4.11792
2.1088
3.09046
3.81939
3.00786
3.70505
3.27398
3.45095
3.49909
4.0737
3.7732
1.98259
4.05757
3.65752
3.26262
3.18759
3.6835
3.60755
2.19669
2.72671
3.15984
2.6539
2.31394
4.30274
2.91288
2.97544
3.26104
4.64391
2.41056
3.5296
3.28512
2.88386
2.41287
4.91684
2.87426
3.07386
4.85039
4.68599
3.70369
3.35956
3.86776
4.33243
3.00735
2.09381
4.06042
2.90172
2.64668
3.23072
2.85401
3.82479
3.57603
2.86207
3.93466
3.46962
3.76997
3.65558
3.59378
3.53545
3.01418
2.3118
3.24281
4.73275
3.61815
4.07986
2.09835
3.25883
3.48726
3.27295
3.96405
4.52297
2.40656
3.7423
2.17883
4.13577
4.17045
2.89994
3.35973
3.63208
2.27317
3.53393
3.34401
3.75949
4.46891
3.70996
4.48584
3.24119
3.77648
3.60523
3.18133
3.2961
3.5716
4.26949
3.63309
3.88986
4.49189
3.65783
4.00801
4.25497
2.58343
3.13332
3.88994
3.06223
2.12366
3.20036
4.12927
3.17883
3.86899
3.47547
3.13618
3.23206
3.04246
3.43773
3.19401
3.99626
4.00537
3.70023
2.71037
3.50326
3.38509
2.13713
3.46798
4.15087
3.95884
2.76763
2.89325
2.75853
4.58545
3.61423
3.15794
3.54909
4.52964
3.9576
4.93239
1.93904
2.88204
3.48984
4.52023
3.55795
2.30071
2.90982
2.64109
2.56998
3.16574
3.27489
3.23708
2.59214
3.77572
4.14563
3.3827
3.13713
3.78918
1.96418
4.26531
3.75541
3.17759
4.39238
3.80726
2.81231
3.02827
1.91253
3.36012
4.27994
3.88534
4.72363
4.19491
3.0034
3.20831
3.33323
2.83882
3.05443
3.61474
3.53884
3.16834
3.25739
2.98429
3.55915
3.87867
3.1148
4.0262
2.52493
3.32645
4.26348
3.75286
4.61599
3.49319
4.3316
3.32471
3.1605
3.00302
2.76042
2.73239
2.68951
4.33895
4.02495
2.82716
3.37587
3.65485
2.49822
3.25843
2.78443
3.95277
4.17404
2.19051
4.47362
3.15524
3.43175
3.67192
3.36513
2.61628
3.62949
4.24915
4.49073
4.83265
2.97268
2.91567
3.14109
3.06295
3.3812
2.64043
4.43848
3.77026
2.9563
3.30313
2.93486
3.1429
3.34227
3.16972
3.65159
2.32852
4.3105
3.53706
3.51966
2.71557
3.3541
4.73877
2.59972
3.65436
2.79964
2.76526
3.58278
3.65089
2.97534
4.95874
3.36128
4.06808
4.70553
3.38381
3.66716
3.7753
2.70435
2.74358
3.21292
2.73081
3.98543
2.77316
3.35767
2.80286
4.64261
3.47858
3.54615
1.95737
3.69322
2.45333
4.5283
1.93968
3.04986
3.83756
2.32919
3.51471
3.3808
3.10134
2.82484
1.55255
3.01592
2.34403
3.72869
2.78714
3.64613
4.32913
4.07283
3.36469
3.87727
3.45712
3.73264
3.88025
4.26088
2.95336
3.36749
4.1087
3.86656
3.14593
3.54956
4.71003
3.15612
2.93587
4.3686
4.39189
3.67068
4.36532
4.12415
3.14875
3.84283
4.02741
3.2934
2.87235
3.64447
3.95882
3.39026
3.27286
3.01637
3.82974
1.3079
2.35257
3.94822
2.3651
3.27928
4.09897
2.80089
2.8369
3.47148
2.87925
2.49744
3.16691
3.82832
3.40193
3.47766
2.95154
3.57119
3.16427
3.50087
2.65483
1.48112
3.3486
2.37319
3.80487
4.07399
3.70744
3.17727
3.64312
3.34284
2.97225
2.86831
3.74838
1.85223
4.81178
2.34189
3.02015
4.33402
3.15634
2.72366
3.93484
3.58045
4.07308
3.45295
2.65653
3.6329
3.31765
4.47579
2.96034
3.01589
3.34811
3.06596
3.47242
3.74233
3.41182
3.91727
2.83647
3.41198
3.33086
3.17412
3.4576
3.60445
3.6535
3.22626
3.42737
2.66119
4.5663
3.93063
2.98478
3.61015
1.85586
3.48695
2.68513
3.95558
3.25685
3.8044
2.93485
4.30289
4.16457
3.50664
3.19765
3.03206
3.40038
3.93662
2.96987
2.80969
3.51615
4.02806
2.31705
2.8362
2.98153
2.86085
4.18029
4.27168
3.18412
3.34262
2.75286
3.64866
3.874
3.05244
4.10376
3.86588
4.06515
4.29135
2.49913
4.136
4.38509
1.62961
2.89179
3.50939
1.86005
4.0348
4.10555
3.86061
1.36144
3.98009
3.0353
3.13253
3.34604
4.27432
4.45422
4.21196
3.09364
2.89424
3.71834
4.84665
2.73372
4.01349
3.56766
4.79214
3.27767
3.04956
4.16359
3.19448
3.87134
2.90756
3.17381
3.27986
2.08721
2.40559
2.74828
3.55027
3.00294
3.6284
2.76835
2.89894
2.90502
3.3077
2.4546
3.98406
3.90617
3.56694
3.37849
3.19479
4.00801
3.37771
3.50701
4.27068
3.62118
2.94962
4.25395
3.11329
2.691
4.36959
4.049
3.67885
2.97194
3.94658
2.72414
3.19207
3.10185
3.5929
3.25818
2.30839
4.66058
3.63918
3.92686
2.38315
2.35721
3.01823
3.55325
3.05662
3.96354
2.45719
4.73383
3.38973
2.3948
2.07704
2.10542
3.71958
3.84453
3.65488
4.07529
3.9814
3.61084
3.85331
2.84141
4.11759
2.77087
2.60247
4.17633
2.73956
3.61548
2.7895
3.08148
3.77204
3.66995
3.79189
4.32592
4.00564
2.97252
4.25018
3.77259
3.30921
3.37292
3.85062
3.67081
3.97265
2.77036
3.66036
4.00236
2.90166
4.49057
3.33393
3.36439
3.82043
3.64739
3.40987
3.30939
3.77434
3.75426
3.23372
3.28451
4.3978
3.16919
4.36371
3.36947
4.46317
2.68448
2.91559
2.22277
2.82221
3.15618
3.05104
3.03962
3.38131
4.44054
3.21454
3.84817
3.86859
2.74687
3.01306
3.39724
3.87746
2.79462
3.61739
4.34361
3.86139
3.42347
3.55624
3.88084
3.91579
2.67528
4.67732
4.62815
2.79099
3.4432
3.88154
3.61019
3.69716
2.63243
2.8922
3.55651
3.46219
3.91105
3.44448
3.74884
4.00942
4.21367
3.57854
3.67549
3.89826
3.24475
4.27273
3.60271
4.44744
4.14433
4.12604
3.15958
3.69428
4.06987
2.73841
2.83843
2.80071
3.38511
4.54114
3.85319
4.00422
2.58073
3.23752
4.00883
4.01498
3.91452
3.66043
1.71088
2.99661
3.36385
2.08995
3.54046
4.48939
3.85695
4.17464
4.55552
4.32464
3.42534
2.91474
3.31248
2.94576
3.96233
3.84448
2.88388
2.91102
4.70666
3.73578
3.50843
3.24343
3.81306
3.53435
3.02038
4.03317
1.57367
3.48971
3.67296
3.01183
2.58428
3.82455
4.02143
3.42369
3.4656
3.80644
3.37973
2.71813
2.13062
3.23229
2.58724
3.89347
3.85612
4.01417
3.36426
2.36779
3.58759
4.36317
2.69631
3.42642
3.99415
4.3715
1.79741
3.95439
3.05387
1.87762
2.405
2.642
3.58581
3.44178
3.83235
3.2027
3.85403
3.71472
3.4421
4.11428
3.57677
3.52739
3.04285
3.46698
2.52448
2.82533
2.22551
3.64572
4.03543
4.29807
3.64142
2.73407
4.61822
2.55409
3.71283
3.07415
3.13942
3.66289
3.73315
3.34113
3.41525
2.83881
3.90022
4.42685
4.25337
2.79913
3.93337
2.97755
3.70761
1.44154
3.90125
2.78822
3.51705
3.95206
3.69023
3.09731
3.77485
3.37152
3.44693
4.16301
3.78071
3.72734
3.24003
3.44435
2.2388
4.10298
3.97181
4.28348
1.84106
3.65357
3.93178
2.77692
3.9074
2.87933
3.90724
3.11195
3.14074
2.80738
4.39033
3.60681
3.57431
2.97562
3.01126
3.23091
2.41878
3.06901
2.58158
3.44579
3.11575
3.70502
2.89307
3.53425
4.35229
2.40518
4.27608
3.11103
4.29302
3.91778
3.28042
3.76989
2.45504
2.86476
3.32991
3.31074
2.91103
4.22084
4.19408
2.81473
4.1957
3.18293
3.48255
4.45768
4.45105
3.67391
4.57226
3.37945
3.40753
3.50335
2.29417
1.94851
3.8541
3.56808
3.96295
3.87309
4.21651
4.25576
3.91697
3.56472
3.93244
3.82397
3.94023
3.99237
2.74517
3.95728
3.88232
3.61617
3.60365
3.14599
3.52754
3.68318
3.76863
3.62076
3.56424
3.5359
3.2452
3.44636
3.58905
2.96189
3.8809
4.31978
4.04473
1.60519
2.98084
3.11633
3.64157
2.83318
3.80682
3.09691
1.79182
3.49835
4.07299
3.9986
3.6385
4.00909
3.94779
3.33769
3.10599
3.0316
2.76456
2.51161
3.48125
2.41682
4.52498
3.03785
3.36328
4.4001
2.60683
2.82813
1.42969
3.3182
2.78117
3.20631
3.18705
3.7297
2.36681
2.98824
3.82453
3.58679
4.06692
1.79205
2.24774
3.43692
2.78502
2.81879
3.66396
3.46834
4.49588
4.37836
3.66028
3.61663
3.44564
2.54441
2.47689
2.69912
2.19402
3.96873
3.38568
3.29062
2.94698
3.77731
3.08648
3.53833
2.61792
3.79079
3.49
3.41351
2.84829
3.50646
3.24417
2.99992
3.12329
3.01297
2.99565
3.58095
4.09897
4.02264
2.60541
2.8227
3.32044
3.37691
4.41449
2.19287
3.76856
2.35983
4.11694
3.48495
3.90353
2.69728
2.86289
4.37188
3.22622
3.26753
3.87463
2.92572
3.76174
3.58006
3.36743
3.12597
3.7863
3.14762
2.99471
3.34115
4.19273
3.01714
3.05954
4.62829
3.24499
2.33979
2.89052
3.46672
2.92817
3.16786
3.01924
2.76231
4.55939
2.75124
3.8074
3.55135
2.87294
3.61743
3.96961
3.65657
3.67707
2.44256
4.14661
2.77428
3.16337
3.92973
3.1763
3.88202
4.38619
3.97222
3.49963
2.48378
3.803
4.37569
3.71511
3.50556
3.72049
3.89829
2.94209
3.37273
3.19038
3.38909
2.88801
1.2571
3.81983
3.6625
4.15501
2.86957
2.62673
3.23991
3.60615
3.90719
3.88823
3.68807
3.75416
3.32879
4.21676
2.85773
3.3506
2.82627
4.05916
3.2984
3.84745
3.96675
3.51703
3.45774
4.58353
2.83529
3.63446
3.60471
3.98025
2.71778
3.95612
3.79279
3.6297
3.7569
2.9161
4.101
3.24563
3.6867
3.94724
2.51028
3.78456
3.49345
2.13538
3.45165
3.13785
3.09658
3.97318
3.58037
3.76789
3.75208
3.07526
4.08061
2.60537
3.62489
2.97922
4.35746
3.12396
3.93199
2.68214
2.81736
3.15126
3.68405
4.30532
4.78517
2.04367
3.9483
3.00446
3.0794
3.29474
3.75103
3.65203
3.35358
3.21391
3.74759
3.44421
3.27792
4.00589
3.83379
3.70929
2.90905
2.74321
3.68178
3.23496
3.07479
4.47326
3.85185
3.58482
3.95254
4.34228
4.28019
3.11888
3.72758
2.83553
3.40352
4.07978
3.59886
3.74026
2.16883
3.07508
4.26891
3.51303
2.63955
3.7169
3.96778
3.2863
3.33388
3.99973
3.92704
4.40806
2.88603
3.66832
3.96305
3.97308
2.99416
2.47983
3.61468
4.38262
4.21425
3.48627
2.53293
2.10899
2.24565
1.71573
3.77231
2.70421
4.18321
4.04329
3.64922
2.8432
3.14167
2.77424
3.21864
3.54284
4.03544
4.35401
3.56789
3.2816
3.53141
3.82464
3.74658
4.03176
3.8512
3.1529
3.53835
2.77966
3.45127
4.41722
2.95505
4.35672
3.24293
3.43534
3.66823
3.33032
3.02353
4.44613
3.66045
3.9969
4.39556
2.75703
2.65033
3.46747
3.58841
3.8219
3.96524
2.27568
3.20919
4.41843
3.54205
3.45771
2.68725
3.66732
3.41384
3.19671
2.743
4.07948
3.18113
3.83607
2.82592
3.23686
4.21259
4.27186
3.78703
1.84079
3.81705
2.50194
4.0774
4.16266
3.9718
4.14474
2.96302
3.86087
4.17852
3.75747
3.16263
2.81591
4.13709
3.8061
3.05773
3.07051
3.11538
3.79065
4.45711
3.54325
2.83533
4.72426
3.74267
3.41594
4.11354
3.16444
2.91879
3.58798
3.72238
3.72333
3.87186
2.88798
3.83939
2.11078
3.4982
3.48204
3.11177
3.52868
3.10276
3.13573
2.97392
3.09836
3.14261
3.66472
3.84672
2.92564
3.20414
3.30389
3.82028
3.68739
4.05323
2.45719
4.102
2.98945
3.84467
3.51947
3.47868
2.89212
3.63048
4.36306
3.46155
3.13946
3.6039
3.14883
3.98621
3.10532
3.17362
2.59745
3.93978
3.3281
3.17213
3.45598
2.58098
2.7175
3.19064
3.01343
3.58336
3.58347
2.72837
3.36387
3.50411
3.65307
4.38861
3.92076
2.56903
4.09629
2.30722
3.81025
3.76939
2.25805
3.51926
3.80484
3.64803
3.26237
3.13248
3.28246
3.82798
3.61495
3.73797
4.40173
2.2221
3.19195
3.51763
3.84025
3.54179
3.40104
3.19357
2.63149
3.5776
3.43143
2.80651
4.22398
3.39276
2.08699
3.41421
3.51267
3.66098
4.36529
1.80293
3.27909
3.83428
2.8572
2.6149
4.23728
4.12856
3.13914
3.5607
2.9345
3.87107
1.79098
3.87967
2.93365
3.04868
3.99355
3.11148
3.75143
3.17897
4.21908
2.88288
3.88195
2.27989
4.06913
2.96918
4.5698
4.5123
3.34777
4.0168
3.66699
3.48149
2.19229
3.77452
3.26282
3.94862
2.19304
3.53371
4.38766
3.49456
3.75572
3.30599
2.0747
4.3472
4.24991
3.16103
3.63081
3.99642
3.06145
3.77714
4.28922
3.10311
3.43114
3.63962
1.93825
3.57719
2.93233
2.59934
3.26552
3.45733
3.62983
3.81266
4.03731
3.83279
4.00607
2.74883
3.41733
2.89532
3.60946
4.02723
3.30768
2.62526
3.58731
3.65049
3.44355
3.11861
2.28907
3.67618
2.76922
4.03576
4.59218
4.8293
3.99238
3.52213
3.65534
2.44861
3.32405
3.79604
2.59542
4.27037
3.07131
2.45672
4.43169
3.54809
2.47721
3.1518
2.63467
4.65333
1.93306
3.38218
2.65267
4.07281
3.544
3.34893
3.37568
2.54243
3.89278
2.9508
3.62996
2.52972
3.28341
3.5141
3.771
4.08613
3.53121
3.29954
3.16137
2.02111
2.51784
4.50384
3.82731
3.8342
1.84593
3.24699
3.3124
4.1353
1.93643
4.12645
2.81544
3.32727
4.12532
3.70911
3.01199
3.04508
3.8238
2.82048
2.55949
2.89894
3.75909
3.15428
3.03722
4.07239
3.79175
4.08463
2.75217
3.82195
3.07865
3.59517
4.33292
4.06339
4.11825
3.58424
3.99278
2.95916
2.29345
2.22235
3.16035
3.30203
4.31397
2.47074
2.71215
4.64403
2.69911
3.61025
3.16949
3.54485
3.32916
3.45008
3.64543
2.60787
3.47796
3.68457
4.06605
3.53819
3.74043
3.53789
2.27894
3.59463
2.97771
3.97819
4.22424
2.70461
4.43943
4.02075
2.66802
3.69029
3.65592
4.01009
3.72911
4.24619
3.403
1.83158
4.15609
3.72126
4.50947
3.91691
3.4879
3.82091
3.11574
3.73021
4.34782
3.73176
3.78065
3.96921
2.78434
3.69754
3.32725
2.9499
3.90716
3.40921
4.23977
3.73624
2.90328
4.17944
2.89624
3.72058
1.66279
3.44526
2.9588
3.1804
2.63953
4.12566
2.94876
3.59219
2.89121
3.30563
2.55083
3.60551
2.01541
3.33248
4.68365
4.99678
3.50825
4.27999
2.72235
3.87704
3.09802
3.16137
3.83326
4.08888
2.8158
3.39568
3.85328
3.22545
3.69744
2.9144
3.70527
3.25985
3.77813
3.5453
3.97322
3.6322
3.02833
4.02927
3.07689
4.01136
2.77449
3.11649
3.30026
3.35583
2.92125
3.67571
4.53963
3.5112
3.41419
3.95107
3.58141
4.19989
3.97982
3.75359
3.12933
3.52796
3.76897
3.88209
1.66653
3.67119
3.73386
3.29798
1.69831
2.7912
3.29063
3.17437
3.82288
3.43177
4.21598
2.55672
2.9613
3.75134
4.1849
3.24226
3.5694
2.52027
2.8865
4.6461
3.23809
4.08134
3.48646
3.11484
2.3505
3.21622
4.10337
3.23573
1.92733
3.57786
3.25284
4.26468
3.47054
3.54031
3.77206
3.7026
3.29219
3.63684
2.61062
3.7659
4.39486
3.64673
3.67523
3.33053
3.93909
3.97682
2.58863
3.02636
3.94535
3.34576
4.22267
4.01213
4.09757
3.32316
2.85504
2.56091
2.83095
3.83754
3.66056
2.99333
3.3368
3.44965
4.76317
2.18049
3.17557
3.29618
3.97805
3.31714
3.9052
3.38553
2.96213
3.96599
2.01866
4.39441
3.28587
2.98289
3.8316
3.04166
3.97961
3.62151
3.39172
3.41419
2.97839
3.19629
4.42342
3.71949
2.14591
3.59059
3.10381
4.05468
1.98914
3.4555
4.30758
2.33148
3.9846
3.31696
3.77191
3.13225
3.22329
2.90272
3.76617
4.46054
3.46484
3.72144
3.99615
2.77118
3.63208
4.36727
3.3966
2.48209
3.74243
3.82848
3.89521
2.86433
3.06522
3.71267
2.9973
3.06765
1.77925
2.35693
3.57271
3.94444
2.18246
4.31939
3.73244
4.25693
3.97601
3.33578
2.90656
3.71939
2.56682
3.86374
2.52596
2.47737
2.35042
3.38225
3.36988
2.23455
2.97504
3.28263
3.41384
3.23574
3.22993
3.65675
2.53336
3.48465
2.98087
2.92403
3.49429
2.68141
2.57238
4.16426
3.59876
3.93759
2.42264
3.97784
4.33369
4.20809
2.78181
4.16819
4.0813
4.60637
3.94909
3.24167
4.60809
3.97349
3.49886
3.46699
3.44764
3.77874
3.94504
3.75511
3.50169
3.47612
3.27511
3.36657
3.99491
2.78537
2.38182
3.45462
3.89407
2.68152
3.7272
4.12253
3.98068
4.25952
3.74135
2.73452
3.50735
3.60623
1.89984
2.64552
4.17255
3.06855
4.02111
2.84398
4.30947
3.28024
3.54298
3.46715
3.20128
3.4667
3.60565
3.94021
3.72561
2.7248
3.50858
3.96767
2.22443
3.41474
3.58108
3.72737
3.00903
3.73273
4.00814
3.28109
3.92894
3.75984
2.6625
2.34763
3.4855
3.15575
4.07109
3.21697
3.26438
2.96625
3.43264
2.23737
3.82112
3.55572
2.58363
4.03523
4.47985
3.1439
2.32071
4.67947
3.06984
2.52932
3.35619
2.89774
3.74214
2.75585
3.30045
2.07254
2.56057
3.27995
3.29909
3.36969
3.13324
3.63632
3.78947
2.63162
4.23104
2.49109
4.18848
3.52459
4.02678
3.9668
2.86364
3.41012
3.60058
3.15567
3.3704
3.14116
3.59412
4.03134
3.57612
3.91625
4.15897
2.68137
2.78527
2.516
2.80805
2.98726
3.70891
4.62645
3.79185
3.11263
2.80697
3.39704
3.75359
2.37504
3.20486
4.16109
4.14146
2.11624
4.17983
3.2552
2.94624
4.06812
4.0384
3.58772
3.23359
3.70268
2.66511
3.45876
3.49734
3.3491
3.63564
4.19411
4.04489
3.40629
4.06906
2.90455
3.7759
2.8685
2.07817
3.6115
3.21753
3.4431
4.61651
3.13084
4.18008
2.15466
3.36176
3.41188
3.65797
3.57606
3.03931
3.72969
2.95601
3.74067
4.34231
4.11
3.17182
3.05246
3.73863
3.79593
2.44269
3.46232
4.59326
3.30548
3.35178
3.41335
3.24566
3.23486
3.85791
3.81677
4.24926
3.32109
3.2061
2.6185
4.17834
1.73996
4.46217
4.29268
4.84848
3.46094
3.87703
2.82569
2.70244
3.72092
4.07001
4.40616
4.52268
3.09788
4.24447
2.35669
3.69144
2.51877
3.22478
3.55905
3.85401
3.29812
3.96791
3.49698
2.33872
2.35778
3.85816
3.15425
4.11589
4.02947
2.89237
3.20546
3.672
3.9476
3.48317
3.35869
2.4461
3.45314
3.71515
3.56255
2.43809
3.66206
3.12517
3.28366
2.97241
3.765
2.22922
2.42312
2.48268
3.38296
4.18729
2.04892
2.87048
3.82705
3.90544
4.61327
3.10209
2.7632
3.17325
3.7138
2.7556
4.22309
3.67962
4.23048
3.23022
3.19671
2.61926
4.55642
3.95386
3.18954
3.41575
2.56136
3.09295
3.37473
2.45965
4.00128
2.52205
2.08718
3.7511
3.36318
3.39551
2.90889
1.10525
3.61886
2.99835
2.95299
3.99574
2.994
4.38171
3.84787
2.72463
1.59551
4.55305
2.51045
2.45309
4.57421
3.54479
4.87617
1.78368
3.32017
2.73222
3.2371
3.4788
2.85111
3.53449
4.19328
3.70317
4.49485
4.98397
3.79126
2.23197
3.02762
2.21586
3.47537
2.86365
3.85597
4.23379
3.79191
4.13734
4.61709
3.49544
3.90675
2.72951
3.80997
2.92028
4.52415
1.82612
4.1067
2.70697
3.88625
3.94812
3.53106
1.69378
3.29797
4.06859
3.14195
3.63404
3.7824
3.42085
3.09797
4.07949
3.88445
2.92584
2.80429
3.70038
3.52198
3.74964
3.63514
3.49161
4.00927
3.20872
3.20664
3.94074
3.98736
3.11699
3.23854
4.60391
4.40775
3.99133
3.68324
4.67168
3.61629
2.09903
