2.9067
3.30535
2.76102
1.9939
3.69799
3.60162
3.88642
4.28795
2.94105
3.83773
3.00173
3.58088
3.39105
4.33479
3.77512
3.9936
2.4237
3.9697
3.97829
2.81094
2.95771
2.83335
3.05341
4.31163
2.19664
2.88261
3.03688
2.43909
3.15746
2.75766
2.78395
2.72865
2.45688
4.30121
2.1633
2.74949
3.10603
2.63112
4.24678
1.82731
2.6062
2.42535
2.11782
2.08489
3.01209
4.04242
4.0636
3.6635
3.7155
2.71734
3.69807
2.79783
3.53827
3.35454
3.02855
2.83404
2.75575
3.86678
4.28606
2.33905
2.83209
3.54507
2.95485
3.26443
2.85356
1.93715
2.56288
2.76005
3.69622
3.63757
3.76914
3.29989
2.72558
3.59311
2.60028
3.84211
2.25822
3.796
4.32628
1.62596
4.01772
2.98952
4.09806
2.43033
3.61445
3.53693
2.89726
4.32046
3.2696
4.34117
3.22234
3.91178
4.36662
2.02274
2.86943
4.45086
4.15509
2.97966
4.15258
4.1808
3.3597
4.62248
2.58556
2.70476
3.79551
3.79602
2.99381
2.94437
1.67513
4.6203
3.62512
4.10536
3.35748
3.08642
3.47749
3.22085
3.94655
3.96495
3.75949
3.87561
3.04102
2.14951
4.89086
2.15677
4.27856
4.13412
3.85484
2.01327
3.02294
3.41871
3.09086
4.24601
2.97479
4.48739
2.44971
2.3486
3.53143
3.9647
3.61728
3.69912
4.30439
3.98508
1.81596
3.17084
2.75906
3.0933
2.92366
4.11446
3.74939
3.34134
3.02027
3.96098
1.9793
2.65345
3.66265
2.37509
3.01861
3.73682
3.98271
2.83941
3.66419
3.58574
2.67788
3.61586
2.71729
2.44825
2.4463
4.19336
4.3847
2.61839
3.45472
3.27927
3.10144
3.47028
4.3437
3.19001
4.20241
2.11948
4.32392
4.1241
2.17037
3.91358
2.89542
3.5639
3.25299
2.86123
3.67915
2.35101
2.96548
1.89873
3.56774
4.17892
2.61196
3.73928
3.93028
4.03223
3.96927
4.36128
4.25928
3.24212
4.33431
2.77814
3.71537
2.95707
3.7678
4.45603
3.8113
4.05273
3.92342
2.8034
3.79806
2.84774
1.91266
3.94461
2.13327
3.04367
4.32103
4.537
2.4349
3.59066
3.87952
3.29564
4.14633
4.07498
2.69732
2.26333
4.19202
3.57482
3.79843
3.29815
4.00987
3.03855
4.11529
2.21673
3.60028
3.53334
4.15911
3.15747
4.02149
3.56358
2.46947
3.35109
4.02036
3.71848
2.80941
3.35518
4.04719
4.42582
3.55848
3.16755
2.8341
3.63064
3.58777
3.20682
2.28001
2.42447
4.30654
3.86912
2.82019
2.71316
3.82569
3.58687
2.70091
2.57814
2.9193
3.7442
1.82761
3.82353
3.10765
4.17201
3.69346
4.24034
4.2406
2.2373
3.3474
4.02226
3.94104
2.36092
2.94677
3.301
3.17091
3.81545
3.76845
2.78847
4.21559
3.51537
4.58125
3.21975
2.46162
2.93631
3.9611
4.54211
3.93003
2.178
3.52277
2.85801
3.14414
3.50735
3.73421
3.63311
2.88642
3.36361
2.58585
3.61097
4.31459
2.23332
4.72753
3.84704
2.85465
4.05874
3.38046
4.05613
3.63151
3.83841
2.25751
2.74251
3.82419
3.02662
3.13259
2.64108
3.23466
3.07965
1.8074
1.14221
4.01968
3.66393
4.30347
4.33535
3.8111
2.7155
4.23093
4.60412
2.96103
3.62703
2.56171
4.20112
3.91702
3.35405
3.67272
4.15247
2.54061
1.83155
3.53901
2.90265
3.84277
2.3803
3.08187
2.11419
3.69118
2.71768
2.44457
2.42748
4.35822
3.79595
3.03058
3.3098
3.68197
2.91637
3.67041
3.84918
2.15865
4.21614
2.56048
3.9421
3.74465
1.70439
3.66296
3.46067
3.63273
2.52912
3.25221
2.66605
4.48124
4.16779
2.94929
2.14588
4.22839
2.75522
3.36378
2.92349
3.76784
3.87888
1.73788
1.96995
2.67373
3.66202
2.43131
3.81701
2.83286
3.55042
3.35188
1.9613
3.85267
3.53028
4.26086
3.18672
3.6053
3.02703
4.47268
2.54572
3.22157
4.01788
2.31267
3.46027
4.6785
4.27299
4.03234
2.96008
2.94489
3.60906
4.38571
3.55039
3.86435
1.57492
2.79543
3.80445
3.57309
3.21184
2.88684
4.12537
2.58745
2.29593
1.95224
3.94913
3.78618
4.45174
2.68742
4.14278
4.15804
2.92231
2.50928
2.31928
3.14801
3.14033
2.23058
2.21451
4.70303
3.54629
3.46821
3.53165
1.98803
3.60095
2.7434
2.86178
3.32088
4.02255
3.59906
2.34973
3.28395
3.54689
2.90279
3.40418
3.04557
2.83261
3.92775
2.72135
4.43983
4.04978
3.13229
2.11819
2.66891
4.03057
3.93251
4.12978
2.63338
3.63972
3.84245
3.8057
3.94952
3.33643
4.0386
3.04799
3.36004
2.22375
2.60263
3.25139
3.35688
4.01742
2.73248
2.25094
3.63041
2.51456
4.12888
2.80188
3.25297
3.64956
2.09331
3.6022
4.10499
2.44579
3.10992
2.07656
3.92203
4.55323
3.33225
4.12666
3.863
3.39186
4.41391
2.18579
2.77671
3.48075
2.57482
2.06128
3.38363
